0 1750 346 465 674 296 753 1014 243 73 0 111 975 500 1102 22 243 1 746 1 1341 1352 1048 3180 4722 323 725 97 879 308 790 1040 521 603 589 2110 
0 0 
5154 349 4479 1686 291 1123 296 2 1066 0 
1443 1443 128 128 128 128 128 128 1443 1443 430 4 1301 165 
3599 113 0 243 423 1443 0 1043 0 0 1443 0 1680 0 875 0 0 343 343 235 241 0 114 128 128 128 128 322 128 4872 518 697 1443 41 343 241 1443 137 383 80 1684 0 0 542 1593 309 0 1744 1 20 518 71472 237 478 4962 185 7314 4479 1686 291 1123 296 2 1066 4479 1686 291 1123 296 2 1066 0 0 0 0 0 0 0 0 0 0 0 0 1 0 874 0 2940 0 0 
1043 52 
0 0 0 74 0 
2 
1802 212 72 
682 682 682 682 682 
601800 0 305 122 0 
0 
0 3133 0 0 
190 
127 886 483 975 152 1000 385 118 193 68 128 215 287 249 100 367 2454 797 673 737 37 67 205 488 3555 
98 2 98 4308 98 
26 0 0 
43 2586 94 71 0 0 
0 1062 0 72 1919 0 0 0 0 0 0 
0 1204 958 52 0 433 
43 2586 94 71 0 0 
241 1740 17392 0 0 2 27717 
212 0 74 
0 235 1997 0 4001 1481 2 1802 212 9 554 909 4479 1686 291 1123 296 2 1066 1590 0 0 0 0 0 0 0 0 0 0 0 
113 0 0 17 4962 0 0 0 0 0 0 242 
312 0 0 
1802 0 26994 1802 
542 0 185 
1680 0 0 682 518 682 241 2583 4976 254 682 0 0 0 0 103 207 9 682 19 518 72 11 219 0 0 322 682 219 1 0 
216 0 0 241 103 165 0 0 0 0 0 0 0 0 571 0 0 1880 574 4479 1686 291 1123 296 2 1066 1919 0 0 990 1531 0 0 
1680 0 0 682 518 682 241 2583 4976 254 682 0 0 0 0 103 207 9 682 19 518 72 11 219 0 0 322 682 219 1 0 
216 0 0 241 103 165 0 0 0 0 0 0 0 0 571 0 0 1880 574 4479 1686 291 1123 296 2 1066 1919 0 0 990 1531 0 0 
697 0 71472 0 
4962 17392 38 869 396 
697 71472 
2 0 
3411 0 0 0 
697 71472 
54 
4001 4 1062 1301 0 165 
4513 0 
0 0 4872 0 0 
137 0 0 0 0 0 0 
98 2 98 2 4308 98 
0 48 0 203 0 0 43 0 1680 875 0 0 0 235 1997 0 0 0 190 5 322 4001 34651 1282 1481 2 98 1802 212 1 0 479 0 0 0 3599 0 0 571 0 522 0 0 0 0 0 9 48 216 4 705 554 909 0 1880 19 164 4962 4479 1686 291 1123 296 2 1066 1590 4298 1919 168 0 0 0 0 0 0 0 0 0 0 0 0 0 0 0 322 0 0 0 0 0 0 0 5 0 1682 0 561 1531 0 0 265 0 0 0 
3599 0 0 1680 875 2157 164 114 697 46 591 81 2583 58 992 41 23 31 479 254 49 0 0 1684 309 164 71472 5158 4479 1686 291 1123 296 2 1066 0 0 0 0 0 0 2712 0 1682 2940 0 0 
1443 1443 128 128 128 128 128 1443 1443 0 0 0 0 
0 0 94 0 0 0 0 0 0 0 0 0 0 0 0 561 
3599 0 48 0 0 312 0 0 75 535 0 0 0 82 343 343 0 235 241 0 79 0 0 104 57 114 190 0 355 0 112 77 5 72 3411 76 4872 164 62 118 143 154 83 66 63 0 116 0 241 65 34 65 109 68 123 4513 26 2586 11 35 343 74 1 96 322 57 0 383 0 58 0 129 3599 1498 111 54 0 71 90 28 57 0 144 133 94 522 0 51 0 542 0 55 96 33 1390 113 128 149 164 96 47 51 41 3 0 554 66 0 71 56 19 101 64 75 77 574 241 70 164 70 185 1443 155 17392 80 1919 132 50 25 66 58 219 95 0 91 109 0 113 0 0 0 0 0 131 0 0 0 0 101 0 0 322 519 219 0 0 0 0 0 0 66 95 5 0 1682 112 0 2940 231 53 265 
0 48 0 203 0 0 43 0 1680 875 0 0 0 235 1997 0 0 0 190 5 322 4001 34651 1282 1481 2 98 1802 212 1 0 479 0 0 0 3599 0 0 571 0 522 0 0 0 0 0 9 48 216 4 705 554 909 0 1880 19 164 4962 4479 1686 291 1123 296 2 1066 1590 4298 1919 168 0 0 0 0 0 0 0 0 0 0 0 0 0 0 0 322 0 0 0 0 0 0 0 5 0 1682 0 561 1531 0 0 265 0 0 0 
69 535 343 0 6129 0 6129 4513 241 0 0 0 237 6129 6129 0 0 13 0 0 
0 0 94 0 0 0 0 0 0 0 0 0 0 0 0 561 
6 4 0 
0 48 0 63 0 0 49 2 0 0 0 0 0 574 0 0 115 561 0 
191 191 30 
3599 0 48 0 0 312 0 0 75 535 0 0 0 82 343 343 0 235 241 0 79 0 0 104 57 114 190 0 355 0 112 77 5 72 3411 76 4872 164 62 118 143 154 83 66 63 0 116 0 241 65 34 65 109 68 123 4513 26 2586 11 35 343 74 1 96 322 57 0 383 0 58 0 129 3599 1498 111 54 0 71 90 28 57 0 144 133 94 522 0 51 0 542 0 55 96 33 1390 113 128 149 164 96 47 51 41 3 0 554 66 0 71 56 19 101 64 75 77 574 241 70 164 70 185 1443 155 17392 80 1919 132 50 25 66 58 219 95 0 91 109 0 113 0 0 0 0 0 131 0 0 0 0 101 0 0 322 519 219 0 0 0 0 0 0 66 95 5 0 1682 112 0 2940 231 53 265 
312 1682 3894 
243 423 1043 0 1680 1744 874 
0 1802 0 298 4479 1686 291 1123 296 2 1066 561 
0 0 0 647 647 4308 
0 235 1997 0 4001 1481 2 1802 212 9 554 909 4479 1686 291 1123 296 2 1066 1590 0 0 0 0 0 0 0 0 0 0 0 
0 0 54 
0 0 0 
0 47 
281 90 26 231 
0 89 89 0 0 0 0 73 3411 4872 697 1005 749 395 0 80 1684 0 0 542 9 4 554 0 71472 185 4479 1686 291 1123 296 2 1066 219 0 0 0 219 0 
3599 3192 89 475 89 0 164 114 0 190 95 0 1672 81 0 0 498 0 310 0 0 9 0 0 0 0 2940 0 0 
48 312 0 1680 4513 49 3599 1498 2745 0 522 0 0 0 15215 41 4962 1443 1919 0 0 0 0 130 0 265 0 0 
0 0 0 
0 74 4073 
3451 1282 0 0 207 0 0 0 
0 
0 0 322 0 
0 13 13 0 13387 13 92 0 
0 0 
235 310 
0 0 0 41 0 0 5622 0 0 3620 0 0 
682 682 401 21832 
322 9 1919 0 0 7405 0 
697 71472 
1204 94 17 1129 94 1204 2523 419 42 142 958 433 2575 4927 
591 312 322 0 0 1682 3894 
0 0 0 284 47 284 
0 0 0 0 
4 1853 
1802 212 1802 
372 209 
53449 3949 369 2133 1288 1200 4353 3906 1489 1829 147 2279 1230 2203 2410 0 949 570 2201 4584 224 2798 126 2969 2243 982 1846 33 101 
0 0 592 0 0 0 2642 1636 
0 
0 943 48 0 535 0 0 83 591 4513 0 3599 2745 0 522 0 0 0 1390 9 126157 15215 164 279 19 0 241 11815 2329 1919 0 0 74 0 0 1301 0 0 165 0 
0 0 82 235 83 26 0 1259 0 554 0 0 0 4479 1686 291 1123 296 2 1066 
0 0 0 0 0 87 4479 1686 291 1123 296 2 1066 0 0 
0 0 343 343 241 0 343 241 383 237 241 0 
82 1680 2 0 542 0 185 0 1682 0 3894 
1680 0 
682 682 682 682 682 
241 4976 
0 518 2583 254 518 72 1 
19 219 322 219 152 0 
1259 
3972 17 43 85 2 
89 89 535 0 0 73 4001 1282 1204 0 72 522 0 0 958 241 52 1919 0 0 433 1531 231 0 
0 190 0 164 212 17 4 0 0 0 
0 0 0 
286 0 
0 74 4073 
3451 1282 0 0 207 0 0 0 
474 309 60 42 47 
113 3 
4513 0 
470 0 848 0 0 38 4870 377 2 
69 0 212 
5622 3620 
4 
113 943 48 216 0 168 0 63 0 2157 343 343 235 1277 241 0 0 190 969 0 3411 164 2 241 81 361 2586 58 343 31 1 0 0 0 0 137 383 49 3599 474 71 0 3972 0 0 1740 207 9 349 296 705 0 554 0 337 241 4962 17392 4479 1686 291 1123 296 2 1066 58 0 0 125 0 1011 0 0 1011 0 0 0 0 0 0 0 0 2712 0 1301 0 0 1122 0 0 0 0 0 0 0 0 0 1531 0 0 165 0 
0 0 705 0 0 0 0 
89 89 164 418 3411 0 2586 0 0 71 0 0 1390 4479 1686 291 1123 296 2 1066 0 0 0 0 0 
3599 113 1443 83 0 1443 0 343 343 241 114 128 0 128 128 128 128 2583 1443 343 23 241 1443 0 254 383 0 0 9 87 241 3004 52 0 0 0 0 0 6 2940 231 
0 82 0 0 0 535 0 343 1204 1277 241 0 94 17 3411 1129 94 83 98 2523 26 42 419 241 0 0 1259 2745 42 0 0 0 0 0 1740 103 3085 3 15215 142 337 241 0 11 0 0 0 0 0 74 0 0 0 1122 0 1531 0 1531 0 
89 89 164 418 3411 0 2586 0 0 71 0 0 1390 4479 1686 291 1123 296 2 1066 0 0 0 0 0 
1204 94 17 1129 94 2523 419 0 42 142 4927 
63 478 
2 20 0 0 
40 432 14 297 223 561 408 533 225 708 245 1091 
343 241 591 241 312 72 4 1062 331 17 241 1301 165 4033 
0 0 0 0 0 
697 71472 
931 
0 3599 25 48 0 0 43 343 114 682 5 164 0 241 1802 682 401 241 0 2745 0 0 1740 216 15215 87 19 21832 574 237 4962 17392 4298 0 0 0 0 0 0 0 0 5 1682 2940 231 0 0 
74 0 0 758 0 283 181 367 
1680 0 
9 0 
0 518 2583 254 518 72 1 
243 423 1744 0 0 0 0 0 0 874 
43 1282 
73 682 697 682 401 2745 0 0 0 0 15215 21832 71472 4962 0 
0 4308 0 0 0 0 
1750 346 465 674 296 753 1014 243 73 0 111 975 500 1102 22 243 1 746 1 1341 1352 1048 3180 4722 323 725 97 879 308 790 1040 521 603 589 2110 
73 219 219 2239 0 2750 
216 216 363 
0 0 75 0 0 82 0 1204 79 0 104 57 0 94 112 77 17 72 76 1129 62 118 143 94 1204 154 66 697 63 0 116 127 65 34 65 2523 109 68 123 35 212 419 74 96 57 58 129 0 310 111 54 0 0 90 28 57 144 42 133 94 0 0 51 55 96 33 113 128 149 96 47 51 0 142 66 71 958 56 101 64 75 77 71472 70 164 70 155 80 132 50 25 66 95 91 109 0 113 0 0 131 101 433 0 0 0 0 0 0 66 95 112 1531 53 102 0 2575 
0 
0 0 0 0 0 0 0 
0 
0 
0 0 0 
34651 13 3 4479 1686 291 1123 296 2 1066 13 13 
281 0 0 0 235 0 0 4872 90 26 42 0 0 0 4479 1686 291 1123 296 2 1066 1919 0 0 0 135 231 0 0 
216 1 1 522 371 
1443 82 0 1443 0 0 343 343 0 241 682 418 128 128 128 128 128 128 83 98 682 2583 2586 1443 42 343 241 1443 0 254 383 49 1259 0 0 682 0 0 0 0 71 2745 522 0 0 0 430 0 3085 3 126157 4 15215 682 17 6838 241 3004 52 1589 132113 0 0 0 0 0 0 0 682 0 1301 0 0 0 165 
89 89 322 241 0 0 0 49 0 3972 1593 241 0 0 0 
216 1 1 522 371 
0 38 931 0 0 
705 2 0 6934 4884 181 
0 0 322 0 
23 0 0 0 
1443 1443 128 128 128 128 128 128 1443 1443 430 4 1301 165 
216 1 0 1 
62 62 62 62 12754 62 62 1152 
216 0 4 40 0 
0 48 535 0 0 591 0 3599 0 0 9 126157 164 0 241 11815 2329 1301 0 0 165 0 
305 3411 0 3972 309 216 4479 1686 291 1123 296 2 1066 17 
83 26 0 
697 71472 
0 
4976 
591 0 0 
1997 1481 1590 
0 5622 3620 
0 164 212 554 
0 69 535 74 0 0 
2586 49 71 762 39 
83 26 0 
235 
98 98 98 
2157 0 190 3451 3411 164 1282 81 2583 58 42 31 254 0 0 0 0 0 0 207 309 0 74 2712 0 130 13 0 0 4033 38 
2157 0 190 3451 3411 164 1282 81 2583 58 42 31 254 0 0 0 0 0 0 207 309 0 74 2712 0 130 13 0 0 4033 38 
46 0 
0 0 54 
0 0 75 0 82 79 0 104 57 0 112 77 72 76 62 118 143 154 66 63 116 65 34 65 109 68 123 35 74 96 57 58 129 111 54 90 28 57 144 133 94 0 51 55 96 33 113 128 149 96 47 51 0 554 66 71 56 101 64 75 77 70 164 70 155 80 1919 132 50 25 66 95 91 109 113 131 101 66 95 112 53 4033 102 0 
3411 38 
0 
118 0 
0 
0 
0 1850 72 1850 
1997 1481 1590 
2073 457 1137 23 23 120 
0 0 75 0 82 79 0 104 57 0 112 77 72 3411 76 62 118 143 154 66 63 116 65 34 65 109 68 123 35 74 96 57 58 129 111 54 90 28 57 144 133 94 0 0 51 55 96 33 113 128 149 96 47 51 0 66 71 56 101 64 75 77 70 164 70 155 80 132 50 25 66 95 91 109 113 131 0 101 66 95 112 53 102 0 
229 500 1100 268 1196 
4119 977 977 405 3804 
130 0 
3411 38 
4 1853 
127 0 1802 0 
48 4479 1686 291 1123 296 2 1066 
48 43 0 
0 5622 3620 
2157 591 81 58 31 2712 
0 1353 1353 1353 181 
0 309 1919 0 0 1301 1531 165 4033 74 96 321 358 2759 2612 710 74 4239 0 0 75 704 704 
0 
0 0 0 305 4872 697 0 46 127 522 0 0 0 1593 126157 2748 216 0 17 71472 0 0 0 0 0 0 0 0 0 0 0 0 322 0 
0 
0 0 
121 2 4976 212 121 
1259 
2477 0 
0 
27717 
164 4479 1686 291 1123 296 2 1066 0 
0 697 71472 0 0 0 1531 1531 
48 2882 0 63 190 42 49 0 1062 554 89 0 72 0 130 0 
931 0 0 
0 235 1997 0 4001 1481 2 1802 212 9 554 909 4479 1686 291 1123 296 2 1066 1590 0 0 0 0 0 0 0 0 0 0 0 
470 
190 969 164 697 312 0 0 0 71472 164 0 1682 3894 0 4308 
682 682 682 682 682 
682 1802 682 401 21832 
0 17392 52 
0 0 0 0 0 0 0 0 0 0 
312 
2157 81 58 31 2712 
0 130 0 0 0 
48 0 1531 
243 423 190 522 3085 3 1744 874 
312 0 0 
4513 522 1919 4033 184 539 
50 
1740 0 0 0 
1043 52 
0 0 5121 289 289 42 0 
48 3972 0 
518 518 1 
0 0 0 0 
0 63 
0 0 0 0 
0 0 0 
0 0 42 1919 135 
0 
1443 1443 128 128 128 128 128 128 1443 1443 0 430 126157 4 0 1301 165 
0 4872 6129 6129 2 0 6129 6129 0 0 322 6129 
0 0 0 15871 
0 0 0 
518 518 1 
0 241 52 0 0 0 0 0 0 0 0 0 43 
931 
1802 212 4479 1686 291 1123 296 2 1066 72 
164 
0 5 322 0 0 554 5 1682 
0 0 0 0 
243 423 0 0 0 0 0 309 1744 554 0 0 0 0 0 0 1301 874 0 0 165 
23 0 0 0 
48 735 535 40 0 682 164 128 682 432 34651 0 682 140 1802 212 23 682 401 6 49 0 682 14 297 0 223 561 0 0 0 1390 13 408 682 705 3 533 554 21832 225 478 708 4479 1686 291 1123 296 2 1066 4479 1686 291 1123 296 2 1066 245 4479 1686 291 1123 296 2 1066 1091 58 0 0 0 0 0 0 181 682 2310 13 0 0 0 
216 1 0 1 
5 5 1682 
343 241 237 
1740 0 0 278 0 
0 0 0 0 
0 0 0 
241 4976 
0 518 2583 254 518 72 1 
1716 1716 1716 1716 1716 1716 1716 1716 1716 1716 1716 1716 1716 1716 1716 1716 1716 1716 1716 1716 1716 1716 1716 1716 1716 1716 1716 1716 1716 1716 1247 1247 1247 1247 1716 1247 1247 1247 1247 1716 1247 1247 1247 1247 1247 1716 1716 1716 1716 1247 440 440 440 1247 
0 2 0 0 
1242 704 704 1173 
0 
1277 0 337 1122 12 
49 474 
89 89 535 73 4001 1282 1204 958 52 433 
0 0 343 343 0 241 0 355 3411 164 241 11 343 1 0 383 241 0 0 0 0 0 
0 3133 0 0 
5622 3620 
474 309 60 42 47 
343 241 591 241 312 72 4 1062 331 17 241 1301 165 4033 
128 1802 212 0 181 2310 72 
0 0 682 682 682 0 0 682 0 0 0 682 0 
216 164 0 0 74 0 
243 423 0 0 0 0 0 309 1744 554 0 0 0 0 0 0 1301 874 0 0 165 
23 0 0 0 
281 90 26 231 
216 1 0 1 
235 4001 2 0 7405 
0 
5622 3620 
735 34651 
0 4479 1686 291 1123 296 2 1066 
315 471 62 156 3251 161 
94 17 478 
0 0 5002 
1301 165 4239 2 
0 0 0 0 92 283 367 
0 554 20 38 4 
69 1005 542 0 185 0 0 0 
697 0 71472 40 0 0 0 
113 0 0 0 4436 0 3411 83 697 26 4976 137 49 0 0 0 20 71472 7314 4998 0 0 0 0 0 0 0 0 
1043 343 343 0 241 164 697 127 343 62 1 241 62 62 62 12754 62 62 383 0 0 0 522 4 331 71472 241 478 4479 1686 291 1123 296 2 1066 4 0 0 0 0 0 4479 1686 291 1123 296 2 1066 0 561 0 0 
0 0 0 1531 1531 0 0 0 
343 241 237 
3599 113 0 943 243 423 1443 216 0 82 1043 0 1443 0 735 1680 0 0 0 1277 0 114 0 0 44 128 0 73 0 128 128 128 128 3411 697 241 749 1443 94 41 1 1443 0 0 0 0 0 0 0 0 474 522 0 0 0 0 0 18 1593 322 103 48 1744 554 19 17 1 71472 337 478 17392 0 4479 1686 291 1123 296 11 2 1066 1589 132113 1919 5622 219 337 0 0 0 0 0 0 0 990 13 0 3620 219 1122 0 13 874 0 561 2940 0 231 0 0 
0 0 0 0 75 0 0 0 0 82 0 79 0 104 57 0 95 0 73 112 682 77 72 76 62 118 143 154 66 697 63 116 65 34 65 109 68 123 749 35 1802 212 682 74 1 401 96 57 0 3133 58 0 129 80 0 1498 111 54 2745 90 28 1802 57 144 133 94 0 51 0 0 0 55 96 0 33 113 4 15215 128 149 96 47 51 41 0 66 71 56 21832 101 64 75 77 71472 70 164 4962 70 155 80 132 50 25 66 95 91 109 0 113 0 0 131 0 0 101 66 95 112 53 
113 0 48 2882 0 535 0 0 343 343 241 0 969 44 355 0 73 305 3411 164 697 98 0 2 591 26 11 94 98 41 343 241 0 0 0 0 383 0 3599 0 0 0 3972 0 0 18 9 126157 309 216 4 164 705 3 554 371 0 71472 237 164 241 11815 2329 72 4479 1686 291 1123 296 2 1066 243 0 58 219 7247 7247 0 0 0 0 1301 0 219 1682 0 0 165 0 
0 281 48 89 89 535 479 0 0 0 0 44 0 164 6129 6129 591 103 90 2583 26 749 992 1 254 49 312 80 0 0 0 474 522 0 0 0 18 9 48 4 20 0 164 478 4962 6129 322 7314 0 6129 40 0 0 1011 0 0 0 0 1011 0 0 0 0 0 0 0 0 0 0 0 0 0 1682 561 0 231 0 0 0 0 
943 2882 1204 1277 94 305 17 1129 94 1204 2523 419 0 42 0 207 142 958 19 337 0 433 1122 1531 1531 0 
0 522 0 
1997 1481 1590 
164 0 
1242 704 704 1173 
361 4479 1686 291 1123 296 2 1066 0 0 1531 
315 471 62 156 3251 161 
0 875 518 0 518 4479 1686 291 1123 296 2 1066 1 
0 0 0 
62 62 62 62 12754 62 62 1152 
0 0 0 575 0 
0 0 343 343 0 241 0 355 3411 164 241 11 343 1 0 383 241 0 0 0 0 0 
312 0 0 2745 0 15215 4962 0 
0 0 5236 3752 3064 
74 0 118 205 298 76 
697 127 1 71472 561 
0 0 282 0 
0 243 423 0 343 343 0 241 2855 4513 26 343 241 383 0 0 0 0 0 103 13 13 620 0 1744 0 13 13 237 241 478 13 4298 11 13 4 243 13 7247 7247 0 0 0 0 990 0 13 0 0 0 0 0 0 0 13 874 0 
62 62 62 62 12754 62 62 0 0 0 0 0 0 0 0 0 0 0 0 1152 
168 69 69 0 0 0 1277 355 140 4513 11 0 0 0 0 126157 337 0 0 363 363 363 363 4479 1686 291 1123 296 2 1066 1122 0 1531 0 0 0 1531 0 
63 1 0 1 0 0 1919 
0 0 0 0 
0 554 20 38 4 
216 
190 17 0 0 0 0 0 1531 0 0 0 
0 98 4976 0 0 
82 0 3451 749 0 48 
0 0 0 
0 2716 17 0 0 
0 1204 94 17 3411 1129 94 2523 23 419 0 0 42 0 103 142 11 0 0 0 4927 38 
1682 
1242 704 704 1173 
0 10655 
43 1282 
0 0 278 
0 0 69 0 0 0 69 89 75 89 0 0 82 235 79 0 104 57 164 190 95 0 355 418 0 112 77 72 76 164 62 118 1282 143 154 66 63 116 65 34 65 109 2583 68 123 11 35 62 74 96 57 62 62 62 12754 62 62 0 254 58 0 129 3599 0 111 54 0 0 571 90 28 57 0 144 133 94 0 554 0 51 55 96 33 1390 309 113 128 149 164 96 47 51 3 0 66 0 1880 71 56 101 64 75 77 70 164 70 155 4298 80 132 50 25 66 0 5622 0 95 0 91 109 0 0 113 0 74 0 115 0 131 0 101 322 13 1301 3620 66 95 1682 112 0 53 265 165 0 
0 0 0 0 1850 72 1850 749 0 0 0 0 0 430 1919 0 0 0 0 0 561 0 0 0 
0 535 0 190 4479 1686 291 1123 296 2 1066 3958 3958 
7929 623 5096 
3411 38 
0 0 
0 4513 0 0 
6129 6129 312 6129 6129 6129 6129 6129 6129 
571 554 1880 4538 
0 113 121 943 48 69 0 69 0 535 1680 40 0 0 0 0 2157 343 343 0 1997 241 0 164 0 190 355 0 73 4872 432 6129 518 697 98 1481 0 6129 2 46 127 2 241 81 0 4513 11 58 98 343 62 23 395 31 165 1 241 4976 0 62 62 62 0 12754 62 62 383 312 14 0 297 1498 0 0 0 0 223 1684 561 522 0 0 0 0 0 0 0 0 0 3085 3 216 408 164 212 0 41 533 20 0 17 518 225 0 71472 241 4962 6129 17392 7314 848 708 1590 0 6129 40 245 4 1091 1919 0 40 0 121 0 0 0 0 0 0 0 0 74 0 0 0 1011 0 0 0 0 0 0 0 0 0 0 2712 0 1301 4479 0 1686 291 1123 296 0 2 1066 4479 1686 291 1123 296 2 1066 0 0 0 0 0 0 1 242 561 0 0 322 0 1531 0 165 0 0 
0 0 0 575 0 
0 0 5236 3752 3064 
48 69 0 735 0 0 83 26 41 62 0 62 62 0 62 0 12754 62 62 0 522 0 4 164 0 574 4962 0 0 0 519 0 
63 0 168 
113 121 48 0 0 0 98 0 2 241 98 0 542 0 475 430 3 554 20 164 185 7314 121 0 0 4479 1686 291 1123 296 2 1066 0 1682 0 0 0 
48 0 1850 72 1850 
0 697 26 0 0 3972 207 309 19 71472 241 0 0 4479 1686 291 1123 296 2 1066 4479 1686 291 1123 296 2 1066 
875 749 
281 243 423 69 3451 322 3411 6129 697 6129 90 26 0 312 0 0 0 0 0 9 1744 1 19 71472 11815 6129 2329 6129 4479 1686 291 1123 296 2 1066 5622 0 0 3620 874 1682 561 231 0 0 0 
89 89 0 1390 3958 
4298 5622 3620 322 
0 0 1282 0 3599 0 0 0 0 0 0 0 322 0 
697 127 1 71472 561 13387 
83 0 69 875 0 0 0 2583 0 0 254 49 0 1740 1 1919 0 0 561 1531 0 1531 168 
1043 73 80 1919 0 0 
1682 
0 
48 43 0 
130 0 
0 23 0 0 0 
212 0 74 
1005 2366 
1443 128 128 1443 0 1684 0 
0 1680 0 0 0 4479 1686 291 1123 296 2 1066 0 0 0 0 
0 0 75 0 82 79 0 104 57 0 112 77 72 76 62 118 143 154 66 63 116 65 34 65 109 68 123 35 74 96 57 58 129 111 54 90 28 57 144 133 94 0 51 55 96 33 113 128 149 96 47 51 0 66 71 56 101 64 75 77 70 164 70 155 80 132 50 25 66 95 91 109 113 0 131 101 0 66 95 112 53 102 0 
0 0 63 875 0 0 1204 0 0 94 3451 17 4001 1129 94 46 0 2 241 591 2523 212 419 137 0 0 42 0 0 475 430 48 142 164 11815 2329 40 0 13 0 0 0 0 0 0 13 561 0 0 0 
0 0 216 82 0 535 0 0 0 1204 0 0 94 3451 17 164 1129 34651 94 1204 2 2 591 2523 0 2583 26 749 94 419 4976 0 254 49 0 0 0 474 42 522 0 0 0 0 0 48 309 4 3 554 142 958 1 0 0 0 0 1301 0 433 322 0 1531 0 0 165 
312 875 479 1997 0 1481 46 127 41 0 0 0 2745 0 0 322 15215 4962 1590 0 0 0 0 0 0 0 0 
121 0 2 4976 0 0 0 542 212 0 4962 185 121 0 0 0 
89 89 63 0 682 682 2027 742 682 1740 682 17392 4479 1686 291 1123 296 2 1066 52 0 0 682 0 1531 2239 
282 0 848 0 0 
5622 3620 
48 0 0 82 0 0 75 0 82 235 79 0 0 104 57 190 0 0 112 77 72 76 62 118 143 154 66 63 116 46 65 34 65 109 68 123 35 74 96 57 1259 58 0 129 0 0 111 54 0 0 90 28 57 144 133 94 0 51 55 96 1740 33 9 113 4 128 149 96 47 51 0 66 71 56 101 64 75 77 70 164 70 155 17392 52 0 80 4479 1686 291 1123 296 2 1066 132 50 25 66 0 95 91 109 0 113 0 0 131 0 0 0 101 0 4479 1686 291 1123 296 2 1066 0 0 0 0 0 0 66 95 112 1531 53 0 
0 164 0 0 
0 0 0 0 0 
190 
2 
89 89 4479 1686 291 1123 296 2 1066 2239 
2 0 
309 0 0 0 0 
0 0 
735 554 0 
0 2110 0 0 0 0 0 951 0 
0 682 682 682 682 682 
54 
0 0 3411 42 0 0 0 
0 1284 3042 1840 1284 4947 4977 2394 1216 4850 1984 1911 4955 
0 0 272 
42 0 0 92 
0 0 0 0 0 
164 
0 
83 0 69 875 0 0 0 2583 0 0 254 49 0 1740 1 1919 0 0 561 1531 0 1531 168 
1204 958 433 
0 0 0 0 0 9 0 
0 3894 0 17 
0 
127 886 483 975 152 1000 385 118 193 68 128 215 287 249 100 367 2454 797 673 737 37 67 205 488 3555 
40 432 14 297 223 561 408 533 225 708 245 1091 
122 1277 0 0 337 4962 1122 0 0 0 0 0 
1443 0 0 0 128 128 4001 2 241 4513 2586 1443 71 475 0 52 0 0 0 0 0 0 0 0 0 0 1531 1531 168 0 43 
0 0 2 0 
0 0 6129 6129 0 6129 6129 0 990 1301 0 165 
1204 73 94 17 1129 94 1204 98 2523 98 419 0 42 0 0 142 958 4962 4 58 1011 0 1011 0 433 0 3894 2575 4927 38 38 0 
0 0 0 0 4872 190 42 0 0 1593 0 0 0 0 0 0 0 0 
1802 212 72 
0 283 367 372 2015 30553 
0 0 0 0 
682 164 682 682 682 164 682 
682 682 401 21832 
3451 4513 0 
48 0 0 0 0 0 0 0 0 
735 6 554 58 0 13 0 0 
0 241 52 0 0 0 0 0 0 0 0 0 43 
0 0 0 3376 
943 1443 1443 0 190 128 128 128 128 128 4872 34651 241 1443 1443 0 0 0 1684 0 0 0 9 212 1919 0 0 0 0 0 0 0 0 0 181 2310 1682 0 0 
113 943 1043 0 0 0 0 322 1277 0 190 969 355 73 164 1282 697 591 11 94 1 0 137 312 3133 0 0 0 80 0 0 3972 0 0 0 48 164 71472 337 164 322 1919 0 0 0 0 0 0 1122 0 0 0 0 0 0 0 1682 
48 0 83 0 0 69 75 875 0 82 0 79 0 0 104 57 0 0 112 77 72 3411 76 62 118 143 154 66 63 116 2 65 591 34 65 109 2583 68 123 35 74 96 4976 57 0 0 254 49 0 58 129 111 54 90 28 57 144 133 94 522 0 0 0 0 51 0 55 96 1740 33 113 128 149 96 47 51 620 0 66 71 56 101 64 1 75 77 0 70 164 70 155 80 40 4 1919 168 132 50 25 66 0 95 0 91 109 0 0 113 0 131 0 101 0 1301 0 0 0 0 0 0 66 95 112 561 1531 0 1531 53 0 165 0 0 
121 2 4976 0 0 212 0 121 0 
0 9 0 4308 0 0 248 
1204 94 17 1129 94 1204 2523 419 42 142 958 433 2575 4927 
0 4872 542 0 185 1919 0 0 0 
0 0 4479 1686 291 1123 296 2 1066 0 2239 0 2750 0 0 241 372 0 38 
1068 19578 149 66082 896 1648 363 839 301 567 3073 774 
1259 
113 48 89 0 89 0 63 0 0 235 969 164 241 1 0 0 0 3599 0 0 72 0 0 0 0 0 9 2748 164 296 554 0 478 0 125 1011 0 0 1011 0 0 0 0 1301 4479 1686 291 1123 296 2 1066 0 0 0 0 0 0 322 0 0 0 165 
121 69 0 69 89 322 89 535 0 0 0 235 164 0 95 355 4872 6129 697 98 0 6129 46 0 2586 11 98 0 0 0 49 0 0 0 310 0 0 71 1802 0 216 4 331 71472 164 6129 6129 4479 1686 291 1123 296 2 1066 0 121 0 0 0 74 0 0 0 0 363 363 0 0 363 363 0 0 0 0 0 0 0 0 0 0 0 0 0 
113 1277 0 0 98 190 42 98 165 0 1593 0 3 337 0 0 0 1122 0 0 0 0 0 0 0 0 0 0 
121 393 123 82 213 1017 45 404 81 90 60 
0 1 0 0 
98 98 98 
0 0 0 0 0 0 0 0 0 0 
48 0 0 0 0 0 0 0 0 
0 0 1802 212 3133 0 1802 
1497 0 
235 
1443 216 1443 1 0 1 128 128 128 128 128 0 1443 1443 0 0 0 0 0 
1301 165 4239 2 
343 749 241 474 237 243 7247 7247 0 0 0 561 0 
0 0 
243 423 1744 874 
69 98 0 
121 2 4976 0 0 212 0 121 0 
1680 0 103 11 219 219 
1204 94 17 1129 94 1204 2523 419 42 142 958 433 2575 4927 
2 20 0 0 
0 0 0 73 0 0 9 554 0 219 0 219 
4962 0 0 0 0 0 0 0 0 
682 682 682 682 682 
0 26 992 0 0 0 0 0 
0 27717 977 0 977 554 1394 
0 0 2960 38 38 
34651 1682 0 
0 0 361 282 4479 1686 291 1123 296 2 1066 561 0 
310 0 0 0 0 0 0 
164 
243 423 1744 0 0 0 0 0 0 874 
1011 1011 0 4052 
0 0 0 
0 
0 0 75 0 82 79 0 104 57 0 112 77 72 76 62 118 143 154 66 63 116 65 34 65 109 68 123 35 74 96 57 58 129 111 54 90 28 57 144 133 94 0 51 55 96 33 113 128 149 96 47 51 0 66 71 56 101 64 75 77 70 164 70 155 80 132 50 25 66 95 91 109 113 131 101 66 95 112 53 102 0 
164 0 
98 3085 3 2 98 
0 0 278 1894 283 367 1894 0 
0 
3599 113 0 243 423 1443 0 1043 0 0 1443 0 1680 0 875 0 0 343 343 235 241 0 114 128 128 128 128 322 128 4872 518 697 1443 41 343 241 1443 137 383 80 1684 0 0 542 1593 309 0 1744 1 20 518 71472 237 478 4962 185 7314 4479 1686 291 1123 296 2 1066 4479 1686 291 1123 296 2 1066 0 0 0 0 0 0 0 0 0 0 0 0 1 0 874 0 2940 0 0 
0 0 43 0 2157 343 241 0 0 0 4001 6129 1282 83 697 6129 591 81 1850 72 26 1850 58 31 241 0 49 312 0 0 0 0 72 522 0 430 0 4 164 1062 331 554 0 17 71472 241 6129 6129 0 0 0 0 0 990 2712 1301 561 0 0 165 4033 
0 
17392 4479 1686 291 1123 296 2 1066 52 0 1531 78 0 0 6934 869 294 3954 4884 
0 591 11815 2329 0 
372 
697 71472 
0 
0 
83 23 0 
418 98 522 3085 3 2 
0 0 758 0 0 
241 343 241 383 
281 0 2882 83 0 735 0 0 343 1277 241 0 0 0 0 73 0 305 34651 98 2 90 26 98 1 241 0 0 49 0 0 0 1802 207 164 296 0 17 0 574 337 164 241 72 1589 132113 219 0 0 0 219 1122 0 0 1531 231 
0 1204 958 52 0 433 
113 82 0 63 40 235 432 46 1 14 297 0 223 470 561 522 0 0 408 533 0 225 848 708 245 1091 0 0 0 0 0 
0 1062 0 72 1919 0 0 0 0 0 0 
121 0 1277 0 3411 26 282 0 0 0 0 0 337 848 1919 0 121 0 0 0 519 1122 0 
83 69 0 
23 
0 3599 113 281 0 943 48 243 2882 423 1443 3192 216 0 69 0 82 1043 122 83 0 0 0 69 89 0 43 1443 475 75 0 89 0 0 735 535 1680 0 0 875 479 0 0 82 0 0 2157 343 343 322 1204 0 235 1277 241 0 79 0 0 104 57 164 114 4436 0 0 0 190 969 95 44 0 355 0 128 0 73 0 94 128 128 112 3451 682 128 322 128 77 305 17 72 3411 76 4872 164 1129 62 118 34651 6129 1282 143 94 1204 154 518 2855 83 66 697 98 63 6129 116 2 127 537 0 2 241 65 591 81 34 103 65 2523 109 0 90 2583 68 1005 123 4513 1672 26 749 2586 11 58 1443 35 992 42 81 94 98 1802 212 41 343 62 23 395 682 31 419 74 1 401 96 241 4976 57 1443 0 0 62 479 62 0 0 62 0 12754 62 137 62 0 254 383 49 1259 0 312 3133 0 58 498 0 0 129 80 0 3599 1498 0 0 0 111 54 0 0 0 474 71 2745 90 28 1802 57 0 144 42 1684 133 94 470 522 0 0 554 0 3972 0 0 0 0 51 0 0 0 0 0 542 0 55 475 0 96 430 0 18 33 1593 322 103 207 9 126157 48 309 113 13 216 4 15215 128 149 164 96 349 296 47 51 13 620 705 0 41 3 0 331 1744 554 1 142 371 66 20 0 71 13 87 958 56 19 21832 17 101 64 518 1 75 77 0 71472 13 574 337 237 164 241 11815 70 478 164 4962 70 185 6129 155 322 2329 17392 7314 3004 13 4998 848 4479 1686 291 1123 296 2 1066 72 52 0 4298 6129 80 4479 1686 291 1123 296 11 2 40 1066 13 1589 4 132113 4479 1686 291 1123 296 2 1066 1919 132 50 0 25 243 66 40 0 58 5622 219 0 95 337 13 7247 0 7247 91 109 0 0 0 0 0 1011 113 0 0 0 0 0 74 0 6 0 0 1011 0 0 0 0 131 0 0 0 0 0 101 0 0 0 990 0 0 13 2712 0 1301 0 0 3620 4479 1686 291 1123 219 296 2 1066 433 1122 0 0 0 0 0 0 66 95 1 0 13 874 0 1682 112 0 561 1531 0 0 2940 322 0 0 1531 231 53 0 0 0 0 0 165 0 0 0 
0 3599 113 281 0 943 48 243 2882 423 1443 3192 216 0 69 0 82 1043 122 83 0 0 0 69 89 0 43 1443 475 75 0 89 0 0 735 535 1680 0 0 875 479 0 0 82 0 0 2157 343 343 322 1204 0 235 1277 241 0 79 0 0 104 57 164 114 4436 0 0 0 190 969 95 44 0 355 0 128 0 73 0 94 128 128 112 3451 682 128 322 128 77 305 17 72 3411 76 4872 164 1129 62 118 34651 6129 1282 143 94 1204 154 518 2855 83 66 697 98 63 6129 116 2 127 537 0 2 241 65 591 81 34 103 65 2523 109 0 90 2583 68 1005 123 4513 1672 26 749 2586 11 58 1443 35 992 42 81 94 98 1802 212 41 343 62 23 395 682 31 419 74 1 401 96 241 4976 57 1443 0 0 62 479 62 0 0 62 0 12754 62 137 62 0 254 383 49 1259 0 312 3133 0 58 498 0 0 129 80 0 3599 1498 0 0 0 111 54 0 0 0 474 71 2745 90 28 1802 57 0 144 42 1684 133 94 470 522 0 0 554 0 3972 0 0 0 0 51 0 0 0 0 0 542 0 55 475 0 96 430 0 18 33 1593 322 103 207 9 126157 48 309 113 13 216 4 15215 128 149 164 96 349 296 47 51 13 620 705 0 41 3 0 331 1744 554 1 142 371 66 20 0 71 13 87 958 56 19 21832 17 101 64 518 1 75 77 0 71472 13 574 337 237 164 241 11815 70 478 164 4962 70 185 6129 155 322 2329 17392 7314 3004 13 4998 848 4479 1686 291 1123 296 2 1066 72 52 0 4298 6129 80 4479 1686 291 1123 296 11 2 40 1066 13 1589 4 132113 4479 1686 291 1123 296 2 1066 1919 132 50 0 25 243 66 40 0 58 5622 219 0 95 337 13 7247 0 7247 91 109 0 0 0 0 0 1011 113 0 0 0 0 0 74 0 6 0 0 1011 0 0 0 0 131 0 0 0 0 0 101 0 0 0 990 0 0 13 2712 0 1301 0 0 3620 4479 1686 291 1123 219 296 2 1066 433 1122 0 0 0 0 0 0 66 95 1 0 13 874 0 1682 112 0 561 1531 0 0 2940 322 0 0 1531 231 53 0 0 0 0 0 165 0 0 0 
0 3599 113 25 0 48 243 423 1443 216 0 203 168 69 0 312 0 0 0 100 69 89 0 43 1443 75 322 89 0 0 735 535 63 1680 40 0 875 0 0 82 0 2157 343 343 0 235 1997 241 0 79 682 0 0 104 1 57 164 114 0 1 0 0 0 190 95 0 355 418 2831 128 0 128 128 112 682 128 128 77 5 72 322 4001 3411 76 4872 164 432 62 118 34651 6129 1282 143 1204 154 518 83 66 697 63 1481 0 6129 116 2 46 0 682 2 241 140 65 591 81 34 65 109 1850 2583 68 72 123 4513 26 1850 2586 11 58 1443 35 992 94 98 1802 212 41 343 62 23 682 31 74 1 401 96 241 4976 322 57 1443 0 62 479 62 0 0 62 0 6 12754 62 62 0 254 383 49 0 312 2 0 58 682 0 14 0 297 129 3599 1498 0 0 111 54 0 0 0 71 571 2745 90 28 1802 57 0 144 223 1684 133 94 561 72 522 0 0 554 0 3972 0 0 0 0 51 0 0 0 0 0 542 0 55 475 0 96 430 0 1740 33 103 3085 1390 207 9 3 48 309 113 13 216 408 4 15215 128 149 164 96 212 47 51 1062 682 705 41 3 533 0 331 1744 554 909 66 0 1880 71 87 958 56 19 21832 17 101 64 518 225 75 77 0 71472 574 237 164 241 5158 70 478 164 4962 70 185 6129 1443 155 17392 708 4479 1686 291 1123 296 2 1066 72 1590 52 0 4298 6129 80 4479 1686 291 1123 296 11 2 1066 245 4 4479 1686 291 1123 296 2 1066 1091 1919 168 132 50 25 66 0 58 5622 219 0 0 95 0 298 91 109 0 0 0 0 0 113 0 0 0 0 0 74 0 115 0 0 1011 0 0 363 363 131 0 0 0 0 0 0 101 0 0 0 990 0 322 363 0 181 13 682 363 2712 0 1301 4479 0 1686 291 1123 296 0 2 1066 3620 519 2310 219 433 0 0 0 0 0 0 66 95 1 130 0 13 874 5 0 1682 112 0 561 1531 0 0 2940 0 0 1531 231 53 265 0 0 0 0 0 165 0 0 
0 0 361 282 4479 1686 291 1123 296 2 1066 561 0 
69 69 355 11 
1011 1011 0 4052 
26 
0 0 
2157 591 81 58 31 2712 
2157 81 58 31 2712 
0 4976 0 0 0 
0 0 75 0 82 79 0 104 57 0 112 77 72 76 62 118 143 154 66 63 116 65 34 65 109 68 123 35 74 96 57 58 129 111 54 90 28 57 144 133 94 0 51 55 96 33 113 128 149 96 47 51 0 66 71 56 101 64 75 77 70 164 70 155 80 132 50 25 66 95 91 109 113 131 101 66 95 112 53 102 0 
1680 343 343 241 343 0 383 87 241 
3599 0 114 554 2940 
0 0 75 0 82 79 0 104 57 0 112 77 72 76 62 118 143 154 66 63 116 65 34 65 109 68 123 35 74 96 57 58 129 111 54 90 28 57 144 133 94 0 51 55 96 33 113 128 149 96 47 51 0 66 71 56 101 64 75 77 70 164 70 155 80 132 50 25 66 95 91 109 113 0 131 101 66 95 112 53 102 0 
4976 
2 1301 1531 165 54 
1680 0 0 682 518 682 241 2583 4976 254 682 0 0 0 0 103 207 9 682 19 518 72 11 219 0 0 322 682 219 1 0 
82 1850 72 1850 4 
0 591 11815 2329 0 
0 0 164 3 0 13 
682 682 682 682 682 
0 471 
98 2 98 4308 98 
554 4 38 
372 209 
62 62 62 62 12754 62 62 0 0 0 0 0 0 0 1152 
0 0 
243 423 1043 0 735 1680 0 0 697 0 0 1744 19 71472 0 0 13 13 874 231 
48 0 0 235 0 190 46 9 0 0 0 0 0 0 4479 1686 291 1123 296 2 1066 0 0 0 0 0 0 1531 
1531 1531 
518 518 1 
0 0 758 0 0 
2882 305 371 
0 241 52 0 0 0 0 0 0 0 0 0 43 
283 367 372 2015 30553 140 
1 0 1 
72 
25 0 0 69 0 535 0 164 6129 6129 241 4513 0 0 0 0 0 0 0 0 0 6129 52 0 6129 4479 1686 291 1123 296 2 1066 0 0 0 74 0 1011 0 0 0 13 0 0 0 0 0 0 0 0 0 561 0 0 0 
0 48 0 203 0 0 43 0 1680 875 0 0 0 235 1997 0 0 0 190 5 322 4001 34651 1282 1481 2 98 1802 212 1 0 479 0 0 0 3599 0 0 571 0 522 0 0 0 0 0 9 48 216 4 705 554 909 0 1880 19 164 4962 4479 1686 291 1123 296 2 1066 1590 4298 1919 168 0 0 0 0 0 0 0 0 0 0 0 0 0 0 0 322 0 0 0 0 0 0 0 5 0 1682 0 561 1531 0 0 265 0 0 0 
69 535 343 0 6129 0 6129 4513 241 0 0 0 237 6129 6129 0 0 13 0 0 
69 0 69 322 355 11 0 0 0 519 0 
1443 1443 128 128 128 128 128 1443 1443 0 0 0 0 
69 682 4001 682 401 0 2745 0 0 15215 21832 0 0 0 561 
0 0 94 0 0 0 0 0 0 0 0 0 0 0 0 561 
243 423 43 0 2157 0 190 1282 518 83 591 81 2583 26 58 31 0 0 0 254 0 522 3085 3 1744 518 72 0 0 0 2712 1 130 13 874 0 
0 69 0 164 0 682 697 0 241 4513 1802 212 62 682 401 4976 62 62 0 62 12754 62 62 0 2745 0 9 4 15215 212 554 21832 0 71472 478 72 4298 1919 58 5622 74 0 0 0 3620 0 0 0 
164 
682 682 682 682 0 682 
343 343 241 343 383 241 0 343 
0 0 75 0 82 79 0 104 57 0 112 77 72 76 62 118 143 154 66 63 116 65 34 65 109 68 123 35 74 96 57 58 129 111 54 90 28 57 144 133 94 0 51 55 96 33 113 128 149 96 47 51 0 66 71 56 101 64 75 77 70 164 70 155 80 132 50 25 66 95 91 109 113 131 101 66 95 112 53 102 0 
3599 0 114 554 2940 
2157 591 81 58 31 2712 
0 0 322 0 38 758 0 133 1284 1 63 1804 
474 309 0 0 60 42 47 
0 0 0 
113 3 
1443 0 0 977 977 0 
54 2073 0 1137 32 
0 0 63 875 0 0 1204 0 0 94 3451 17 4001 1129 94 46 0 2 241 591 2523 212 419 137 0 0 42 0 0 475 430 48 142 164 11815 2329 40 0 13 0 0 0 0 0 0 13 561 0 0 0 
46 
141 
343 241 237 
2 1301 165 54 
1531 0 
243 423 1043 0 735 1680 0 0 697 0 0 1744 19 71472 0 0 13 13 874 231 
72 
2157 0 81 58 31 0 2712 0 38 
2110 951 
0 931 0 0 
190 0 0 
0 0 
343 343 241 2583 343 254 383 241 3004 52 0 343 
1684 0 96 596 332 
296 1144 
0 0 
243 423 1744 874 
83 0 69 875 0 0 0 2583 0 0 254 49 0 1740 1 1919 0 0 561 1531 0 1531 168 
4513 137 0 7405 5002 5002 
372 
1997 1481 0 1590 0 0 0 0 873 
98 98 98 
1204 94 17 1129 94 2523 419 42 142 4927 
98 98 98 
216 185 1602 431 199 0 
0 943 48 0 535 0 0 83 591 4513 0 3599 2745 0 522 0 0 0 1390 9 126157 15215 164 279 19 0 241 11815 2329 1919 0 0 74 0 0 1301 0 0 165 0 
0 3599 121 48 0 82 83 0 0 69 75 0 0 535 0 0 0 82 0 0 79 0 0 104 57 164 114 190 969 0 112 3451 77 305 72 3411 76 164 62 118 143 154 66 63 116 2 2 65 591 34 65 109 0 68 123 4513 26 35 74 96 57 0 0 0 137 0 49 0 58 0 129 1498 0 0 111 54 0 90 28 57 144 133 94 0 0 3972 51 0 55 96 0 1740 33 309 113 216 4 128 149 96 47 51 41 0 66 71 56 19 101 64 75 77 11815 70 164 70 155 2329 17392 4479 1686 291 1123 296 2 1066 52 0 80 4479 1686 291 1123 296 2 1066 132 50 25 66 58 121 0 95 91 109 0 125 0 1011 113 0 0 0 0 1011 0 131 0 0 0 101 0 0 1301 66 95 0 112 2940 322 0 1531 53 0 0 0 165 0 0 
575 6432 0 574 194 
0 0 3411 42 0 0 0 
0 0 0 0 
1204 94 17 1129 94 2523 419 42 142 4927 
94 
0 0 0 
0 0 0 571 1880 168 
113 3 
0 0 0 0 0 
3192 89 475 89 0 190 1005 4513 1672 81 498 0 0 4 20 0 6838 7314 0 0 0 0 265 0 
113 0 0 0 535 0 0 42 49 0 0 2745 1740 15215 4479 1686 291 1123 296 2 1066 1919 0 0 0 0 135 0 0 
0 0 705 0 0 0 0 
48 69 735 0 0 322 235 1277 190 34651 94 1 6 137 0 0 0 0 72 0 3972 0 0 0 103 164 554 371 0 337 11 1589 132113 58 0 0 0 1122 0 0 0 0 0 0 13 0 1682 0 0 
0 0 203 0 0 0 0 0 1850 72 1850 94 2 571 554 1880 0 168 0 0 0 0 0 0 0 265 
3599 113 1443 83 0 1443 0 343 343 241 114 128 0 128 128 128 128 2583 1443 343 23 241 1443 0 254 383 0 0 9 87 241 3004 52 0 0 0 0 0 6 2940 231 
697 71472 
697 71472 
190 164 58 0 0 
1204 94 17 1129 94 1204 2523 419 42 142 958 433 2575 4927 
243 423 1744 874 
1204 94 17 1129 94 1204 2523 419 42 142 958 433 2575 4927 
620 1 4 0 0 226 0 
682 682 682 682 0 682 
243 423 1744 874 
4479 1686 291 1123 296 2 1066 
0 1 0 0 0 0 474 4298 0 5622 0 0 3620 0 1682 0 0 
113 0 0 0 0 235 0 49 0 2748 216 0 0 0 363 0 0 1301 0 165 0 
0 3599 25 48 0 0 43 343 114 682 5 164 0 241 1802 682 401 241 0 2745 0 0 1740 216 15215 87 19 21832 574 237 4962 17392 4298 0 0 0 0 0 0 0 0 5 1682 2940 231 0 0 
216 168 4513 
319 
0 4119 977 977 12975 9534 847 
6129 6129 1498 216 41 6129 6129 1301 4479 1686 291 1123 296 2 1066 165 6129 6129 6129 6129 
2 0 
190 0 0 0 
6922 6922 660 10501 6253 1622 5273 6510 189 1154 4679 59 1225 40039 4742 0 5929 1044 822 13709 1875 22052 2999 2465 0 10517 628 9510 5188 8077 87 6905 7039 11178 2465 8096 5364 4689 2772 117 19372 318 9083 9083 2811 9549 
6129 6129 312 6129 6129 6129 6129 6129 6129 
121 2 4976 0 0 212 0 121 0 
4976 0 0 
281 0 0 0 235 0 0 4872 90 26 42 0 0 0 4479 1686 291 1123 296 2 1066 1919 0 0 0 135 231 0 0 
1443 82 0 1443 0 0 343 343 0 241 682 418 128 128 128 128 128 128 83 98 682 2583 2586 1443 42 343 241 1443 0 254 383 49 1259 0 0 682 0 0 0 0 71 2745 522 0 0 0 430 0 3085 3 126157 4 15215 682 17 6838 241 3004 52 1589 132113 0 0 0 0 0 0 0 682 0 1301 0 0 0 165 
0 0 0 0 44 83 0 46 0 361 1850 72 1850 749 282 0 0 0 571 554 0 18 2748 1880 17 0 13 0 4479 1686 291 1123 296 2 1066 13 561 0 0 0 0 0 0 0 
216 1 1 522 371 
0 695 47 431 
0 0 0 0 
0 0 0 0 218 0 0 5005 
69 0 0 0 
535 0 0 0 0 0 
0 0 33490 
1802 212 4479 1686 291 1123 296 2 1066 72 
6129 6129 0 0 6129 6129 6129 6129 6129 6129 
0 481 0 693 730 0 
0 23 0 0 0 
0 
0 4119 977 977 12975 9534 847 
23 4119 
74 372 
2157 0 190 3451 3411 164 1282 81 2583 58 42 31 254 0 0 0 0 0 0 207 309 0 74 2712 0 130 13 0 0 4033 38 
0 522 4479 1686 291 1123 296 2 1066 0 0 1144 
322 0 2 0 0 0 0 
682 1802 682 401 21832 
1259 
241 343 241 383 237 241 343 
140 363 363 363 363 0 
554 168 
1204 0 94 17 1129 94 1204 2523 419 42 0 142 958 433 2575 4927 
3192 475 0 1672 81 498 0 0 
2882 305 371 
2157 81 58 31 2712 
0 0 0 
343 343 241 343 383 241 0 343 
0 216 4479 1686 291 1123 296 2 1066 0 0 0 539 
0 0 75 0 0 0 82 0 79 0 104 57 95 0 112 77 72 76 62 118 143 154 66 63 116 65 34 65 109 68 123 35 74 96 57 58 129 111 54 90 28 57 144 133 94 0 51 55 96 33 113 128 149 96 47 51 0 66 71 56 101 64 75 77 70 164 70 155 80 132 50 25 66 95 91 109 113 0 131 101 66 95 112 53 102 0 
103 48 1011 1011 0 7405 793 
216 3411 990 0 
49005 89 89 89 89 89 89 89 0 
0 6129 6129 6129 6129 6129 
216 4479 1686 291 1123 296 2 1066 539 2366 0 
0 0 
0 0 278 
0 0 518 518 1 
682 682 682 682 682 
121 393 123 82 213 1017 45 404 81 90 60 
128 181 2310 
4513 4033 
4 1853 0 
372 
2157 81 58 31 2712 
98 2 98 2 4308 98 
0 0 
243 423 522 1744 874 
0 990 931 389 476 
4001 561 0 
0 0 0 6129 6129 0 6129 6129 
430 0 554 0 554 0 
43 2157 0 1282 591 81 58 31 0 0 2712 0 
697 71472 
1850 72 1850 0 152 
735 34651 
164 3451 164 0 216 0 0 0 0 2960 38 
164 
0 0 75 0 0 0 82 0 79 0 104 57 95 0 112 77 72 76 62 118 143 154 66 63 116 65 34 65 109 68 123 35 74 96 57 58 129 111 54 90 28 57 144 133 94 0 51 55 96 33 113 128 149 96 47 51 0 66 71 56 101 64 75 77 70 164 70 155 80 132 50 25 66 95 91 109 113 0 131 101 66 95 112 53 102 0 
49005 89 89 89 89 89 89 89 0 
0 309 1919 0 0 1301 1531 165 4033 74 96 321 358 2759 2612 710 74 4239 0 0 75 704 704 
0 74 0 75 50 93 2795 298 
1531 1531 
758 5046 167 167 1778 32 
1204 0 94 17 1129 94 1204 2523 419 42 0 142 958 433 2575 4927 
0 6129 6129 6129 6129 6129 
243 423 1744 874 
63 0 0 0 
0 
164 
361 4479 1686 291 1123 296 2 1066 0 0 1531 
243 423 1744 874 
1309 85 372 0 
286 0 
1997 1481 0 1590 0 0 0 0 873 
697 71472 0 
0 0 322 0 
6129 6129 1498 216 41 6129 6129 1301 4479 1686 291 1123 296 2 1066 165 6129 6129 6129 6129 
1443 1443 128 128 128 128 128 128 1443 1443 430 4 1301 165 
1850 72 1850 0 152 
0 0 0 94 41 0 0 0 17 1 478 0 0 0 0 
4119 977 977 405 3804 
644 175 209 862 1839 1334 145 354 106 248 142 73 8971 245 576 85 478 1006 1515 662 597 309 1551 729 511 722 2085 569 875 1185 706 243 1264 2331 15931 135 5208 153 595 971 539 359 272 1809 49 477 7459 167 387 1824 2626 1506 1557 2807 1306 123 1638 790 204 4940 3070 6002 1571 1265 543 487 927 915 2626 803 2559 1781 111 4102 1285 3944 64 285 258 754 226 435 2091 1487 26 577 1487 972 329 164 544 280 44 624 198 398 271 1834 878 8431 2190 2684 26 4351 206 2093 2740 119 190 299 125 2262 402 1696 3097 564 610 73 4554 10 5513 1452 95 
0 0 0 591 94 0 0 309 4 0 0 0 
535 0 164 2583 254 49 522 0 0 0 
0 
2882 305 
48 0 0 235 0 190 46 9 0 0 0 0 0 0 4479 1686 291 1123 296 2 1066 0 0 0 0 0 0 1531 
0 
72 
1443 1443 128 128 128 128 128 128 1443 1443 430 4 1301 165 
931 
0 522 4 0 152 3007 
0 164 4962 7405 
69 0 
62 62 62 62 12754 62 62 1152 
4513 137 0 7405 5002 5002 
0 46 2748 0 0 0 539 0 
0 
943 0 4872 6129 6129 2 0 6129 0 6129 0 0 0 322 
5154 0 349 4479 1686 291 1123 296 2 1066 0 
11 1901 1901 1901 1901 1901 1901 1901 1901 1901 1901 1901 1901 1901 1901 1901 1901 1901 1901 1901 1901 1901 1901 1901 1901 1901 1901 1901 1901 
535 0 164 2583 254 49 522 0 0 0 
682 0 1802 682 401 0 21832 478 58 0 0 
1997 1481 0 1590 0 0 0 0 873 
0 571 1880 78 0 4538 
0 48 0 875 0 1277 0 3411 164 34651 2 190 42 322 0 0 0 0 0 0 0 0 554 0 0 475 13 3 337 164 4479 1686 291 1123 296 2 1066 0 0 0 0 1301 1122 0 0 0 165 0 
386 386 129 386 26 135 61 36 28 124 29 41 41 21 64 41 41 41 116 56 44 30 32 4 32 33 29 22 32 35 22 54 34 32 45 61 33 41 117 135 41 28 386 36 41 26 61 124 56 41 29 4 22 34 32 21 41 32 116 29 41 22 32 33 64 30 35 45 44 33 64 117 54 32 61 41 
305 98 2 98 0 241 2 4308 
0 0 1 
0 
0 0 0 
0 0 0 0 0 17 1589 132113 0 0 231 647 647 
319 0 
542 0 185 
63 0 0 0 
0 355 4872 11 0 0 
943 241 0 
735 554 0 
0 0 0 
0 
235 4001 2 0 7405 
1204 94 17 1129 94 2523 419 42 142 4927 
343 343 241 2583 343 254 383 241 3004 52 0 343 
561 4073 33490 3033 
296 1144 
1531 1531 
0 0 0 
0 0 
0 4479 1686 291 1123 296 2 1066 
0 164 4962 7405 
542 185 0 977 977 811 
355 11 0 
0 0 0 0 0 9 0 
343 343 241 343 241 383 237 
1277 337 1122 12 
34651 1682 0 
2157 81 26 58 31 241 0 2712 0 
0 0 0 0 
0 181 
184 278 
62 62 62 62 12754 62 62 554 0 1152 
697 71472 4962 
6129 6129 6129 6129 1301 165 6129 6129 6129 6129 
0 0 0 0 0 17 1589 132113 0 0 231 647 647 
697 127 1 71472 561 
19 
1750 346 465 674 296 753 1014 243 73 0 111 975 500 1102 22 243 1 746 1 1341 1352 1048 3180 4722 323 725 97 879 308 790 1040 521 603 589 2110 
0 
943 1277 0 337 1122 
697 127 1 71472 4 561 0 
697 71472 4962 
49 474 
216 185 1602 431 199 
1277 337 1122 12 
4086 719 5001 1870 132 90 8611 5001 0 0 1 0 
69 535 0 
5154 349 4479 1686 291 1123 296 2 1066 0 
0 6129 6129 6129 6129 6129 
2882 1062 89 72 
43 5 5 1682 
0 41 0 
1740 0 27717 0 
0 43 0 216 19 4298 0 0 
25 0 
0 0 0 0 
2 2 0 216 1919 4033 762 39 
2882 165 0 0 89 4479 1686 291 1123 296 2 1066 0 
4001 4 1062 1301 0 165 
0 
296 1144 
128 181 2310 
4962 4 38 0 278 70 
2157 81 58 31 2712 
5158 0 0 0 
164 0 0 0 
1802 212 72 
0 0 0 0 160 
49 474 
164 
372 30553 140 
82 697 0 0 71472 337 
193 
121 121 
0 0 3442 5002 5002 0 
554 0 1531 1531 0 0 
1301 165 4239 
130 0 
2745 15215 0 0 0 1857 
0 0 0 0 0 
0 0 
1997 1481 1590 
0 0 0 0 
0 0 
4001 4 1062 1301 0 165 
697 71472 0 
0 43 0 735 0 322 305 4872 1282 4513 1 0 0 0 1682 0 0 
23 0 0 1531 4119 931 278 
243 423 1744 874 
243 423 1043 0 735 1680 0 0 697 0 0 1744 19 71472 0 0 13 13 874 231 
1740 0 27717 0 
0 0 0 0 
343 241 241 241 343 
54 2073 0 1137 32 
3411 0 0 0 
1043 52 
243 423 1744 874 
23 4119 
0 
48 
243 423 1043 0 1680 1744 874 
0 43 0 735 0 322 305 4872 1282 4513 1 0 0 0 1682 0 0 
0 
0 6129 0 6129 0 0 6129 6129 0 6129 
6129 98 6129 1498 0 0 3085 3 216 41 6129 6129 1301 4479 1686 291 1123 296 2 1066 0 165 6129 2 184 6129 6129 539 6129 
190 0 0 
0 216 4479 1686 291 1123 296 2 1066 0 0 0 539 
103 48 1011 1011 0 7405 793 
216 3411 990 0 
0 0 475 0 216 43 
0 0 3 3 413 717 
697 62 62 62 62 12754 62 62 71472 0 0 1152 
241 343 241 383 
0 0 43 0 2157 343 241 0 0 0 4001 6129 1282 83 697 6129 591 81 1850 72 26 1850 58 31 241 0 49 312 0 0 0 0 72 522 0 430 0 4 164 1062 331 554 0 17 71472 241 6129 6129 0 0 0 0 0 990 2712 1301 561 0 0 165 4033 
0 931 
4 40 0 283 367 
83 69 0 
46 0 539 0 
23 
6 0 
13 0 0 
682 0 1802 682 401 0 21832 478 58 0 0 
735 128 554 0 181 2310 
5622 3620 
18 6773 0 814 0 0 
0 
0 48 0 1277 42 0 0 0 0 475 337 0 0 1301 1122 0 165 
474 0 78 858 0 60 839 
0 0 0 94 41 0 0 0 17 1 478 0 0 0 0 
43 2157 0 1282 591 81 58 31 0 0 2712 0 
3451 0 0 
0 
164 2583 254 49 0 0 
518 518 1 
0 0 0 0 0 
0 471 
0 6129 6129 6129 6129 6129 
931 
241 343 241 383 
0 1682 0 1804 
83 
23 23 0 272 0 
0 4872 0 0 
23 4119 
1 0 1 
0 6129 6129 6129 6129 6129 
164 
1750 346 465 674 296 753 1014 243 73 0 111 975 500 1102 22 243 1 746 1 1341 1352 1048 3180 4722 323 725 97 879 308 790 1040 521 603 589 2110 
0 0 0 0 
13 0 0 
682 0 1802 682 401 0 21832 478 58 0 0 
697 71472 
1531 0 
1204 958 433 
49 38 
0 0 32 268 424 281 379 138 
164 2583 254 49 0 0 
121 20 7314 121 4479 1686 291 1123 296 2 1066 
2 6934 4884 
0 0 164 0 0 0 0 0 
63 0 0 0 
943 241 0 0 0 0 
3599 0 48 0 0 312 0 0 75 535 0 0 0 82 343 343 0 235 241 0 79 0 0 104 57 114 190 0 355 0 112 77 5 72 3411 76 4872 164 62 118 143 154 83 66 63 0 116 0 241 65 34 65 109 68 123 4513 26 2586 11 35 343 74 1 96 322 57 0 383 0 58 0 129 3599 1498 111 54 0 71 90 28 57 0 144 133 94 522 0 51 0 542 0 55 96 33 1390 113 128 149 164 96 47 51 41 3 0 554 66 0 71 56 19 101 64 75 77 574 241 70 164 70 185 1443 155 17392 80 1919 132 50 25 66 58 219 95 0 91 109 0 113 0 0 0 0 0 131 0 0 0 0 101 0 0 322 519 219 0 0 0 0 0 0 66 95 5 0 1682 112 0 2940 231 53 265 
3599 1443 1443 0 114 128 0 128 128 128 128 1443 1443 2940 
83 
4962 0 59 312 
1277 337 1122 12 
2882 1062 89 72 
0 
1204 94 17 1129 94 2523 419 0 42 0 103 142 11 0 0 0 4927 38 
113 3 
0 472 
34651 13 3 4479 1686 291 1123 296 2 1066 13 13 
2 1301 165 54 
705 2 0 6934 4884 181 
113 0 
0 0 401 0 0 
0 4872 0 0 
0 
98 98 98 
113 0 0 
3599 0 875 0 114 518 0 518 4479 1686 291 1123 296 2 1066 1 2940 
0 
2 2 0 0 322 
682 682 682 682 682 
0 552 0 
17 0 0 0 17 0 
0 0 75 0 82 79 0 104 57 0 112 77 72 76 62 118 143 154 66 63 116 65 34 65 109 68 123 35 74 96 57 58 129 111 54 90 28 57 144 133 94 0 51 55 96 33 113 128 149 96 47 51 0 66 71 56 101 64 75 77 70 164 70 155 80 132 50 25 66 95 91 109 113 131 101 66 95 112 53 102 0 
121 121 121 393 82 0 123 122 219 1017 82 213 52 1017 57 45 404 81 90 60 
40 432 14 297 223 561 408 533 225 708 245 1091 
322 0 0 4479 1686 291 1123 296 2 1066 0 0 
69 0 0 0 0 
0 
1593 0 0 704 389 542 476 
184 278 
164 4479 1686 291 1123 296 2 1066 0 
98 2 98 4308 98 
121 121 121 393 82 0 123 122 219 1017 82 213 52 1017 57 45 404 81 90 60 
682 682 682 682 682 
98 2 98 2 4308 98 
73 1919 0 
2882 1062 89 72 
0 
164 
98 1497 0 156 
18 50 0 814 161 
69 0 0 0 0 
48 216 0 0 1443 75 0 0 0 0 82 0 79 0 104 57 95 0 128 128 112 77 72 3411 76 62 118 143 154 66 63 116 0 65 34 103 65 109 68 123 1443 35 74 96 57 0 49 0 58 129 111 54 90 28 57 144 133 94 522 0 3972 51 55 475 96 0 33 103 48 113 216 128 149 96 47 51 0 66 71 56 101 64 75 77 70 164 70 155 80 11 4479 1686 291 1123 296 2 1066 132 50 25 66 0 0 95 91 109 1011 113 0 74 1011 0 0 131 101 990 66 95 0 112 53 0 0 
98 3085 3 2 98 
0 0 0 0 
0 309 1919 0 0 1301 165 4033 96 321 358 710 74 4239 0 75 
0 0 32 268 424 281 379 138 
284 86 730 4 
0 0 32 268 424 281 379 138 
191 191 30 
5622 3620 
164 
0 
0 0 1802 0 0 0 
0 0 561 92 
0 0 0 
191 191 30 
0 0 0 
0 0 647 4308 
315 471 62 156 3251 161 
0 0 0 
0 0 1935 5002 
243 423 216 69 69 0 0 235 697 1005 4513 0 0 0 1802 0 0 0 542 0 1744 0 71472 185 40 0 0 0 0 0 0 0 0 0 0 0 0 874 0 0 
1043 343 343 0 241 164 697 127 343 62 1 241 62 62 62 12754 62 62 383 0 0 0 522 4 331 71472 241 478 4479 1686 291 1123 296 2 1066 4 0 0 0 0 0 4479 1686 291 1123 296 2 1066 0 561 0 0 
281 89 0 43 0 89 735 1680 0 0 343 343 241 0 0 190 95 73 3451 322 305 4872 34651 1282 98 2 537 2 90 4513 2586 98 343 23 241 0 383 0 0 0 80 0 0 71 0 0 0 542 0 475 0 126157 216 0 1 0 87 237 185 0 0 219 0 0 0 0 0 0 0 0 990 0 0 1301 0 219 1682 0 1531 165 0 
0 0 0 0 75 0 0 0 0 82 0 79 0 104 57 0 95 0 73 112 682 77 72 76 62 118 143 154 66 697 63 116 65 34 65 109 68 123 749 35 1802 212 682 74 1 401 96 57 0 3133 58 0 129 80 0 1498 111 54 2745 90 28 1802 57 144 133 94 0 51 0 0 0 55 96 0 33 113 4 15215 128 149 96 47 51 41 0 66 71 56 21832 101 64 75 77 71472 70 164 4962 70 155 80 132 50 25 66 95 91 109 0 113 0 0 131 0 0 101 66 95 112 53 
113 0 0 0 4436 0 3411 83 697 26 4976 137 49 0 0 0 20 71472 7314 4998 0 0 0 0 0 0 0 0 
1301 165 4239 
281 89 0 43 0 89 735 1680 0 0 343 343 241 0 0 190 95 73 3451 322 305 4872 34651 1282 98 2 537 2 90 4513 2586 98 343 23 241 0 383 0 0 0 80 0 0 71 0 0 0 542 0 475 0 126157 216 0 1 0 87 237 185 0 0 219 0 0 0 0 0 0 0 0 990 0 0 1301 0 219 1682 0 1531 165 0 
3599 113 0 943 243 423 1443 216 0 82 1043 0 1443 0 735 1680 0 0 0 1277 0 114 0 0 44 128 0 73 0 128 128 128 128 3411 697 241 749 1443 94 41 1 1443 0 0 0 0 0 0 0 0 474 522 0 0 0 0 0 18 1593 322 103 48 1744 554 19 17 1 71472 337 478 17392 0 4479 1686 291 1123 296 11 2 1066 1589 132113 1919 5622 219 337 0 0 0 0 0 0 0 990 13 0 3620 219 1122 0 13 874 0 561 2940 0 231 0 0 
0 113 48 3192 216 69 475 0 0 735 0 235 0 190 0 0 3451 322 3411 34651 2 1672 42 81 4976 137 49 0 0 498 0 0 3972 0 0 0 0 103 207 296 554 1 0 72 11 0 0 0 0 0 0 0 1682 0 
98 98 98 
4001 4 1062 1301 0 165 
0 1802 0 298 4479 1686 291 1123 296 2 1066 561 
72 
0 0 0 0 
697 71472 
0 48 535 0 0 591 0 3599 0 0 9 126157 164 0 241 11815 2329 1301 0 0 165 0 
94 17 478 
0 0 0 0 0 5 
0 931 0 0 
0 309 1919 0 0 1301 165 4033 96 321 358 710 74 4239 0 75 
62 62 62 62 12754 62 62 0 1152 
62 62 62 62 12754 62 62 0 0 0 0 0 0 0 0 0 0 0 0 1152 
74 372 
2882 0 1062 89 72 
63 1 0 1 0 0 1919 
0 0 0 0 0 3451 3411 4513 41 62 62 62 62 12754 62 62 49 474 0 0 0 0 0 4 0 0 0 0 0 0 0 1301 0 0 0 0 0 0 0 1531 0 0 165 
168 69 69 0 0 0 1277 355 140 4513 11 0 0 0 0 126157 337 0 0 363 363 363 363 4479 1686 291 1123 296 2 1066 1122 0 1531 0 0 0 1531 0 
0 0 0 0 
34651 1682 0 
315 471 62 156 3251 161 
72 
113 190 705 0 0 0 
113 0 0 0 
0 0 1802 0 0 0 
0 0 0 
0 43 0 735 0 322 305 4872 1282 4513 1 0 0 0 1682 0 0 
10 428 1282 2291 212 197 206 402 310 969 294 150 45 157 415 608 167 423 207 101 32 146 348 168 199 273 3557 421 312 295 164 135 199 218 
1680 49 0 0 
6129 6129 6129 6129 1301 165 6129 6129 6129 6129 
0 0 0 0 0 
26 243 7247 7247 
13 13 620 13 13 13 4298 13 13 13 13 13 13 13 13 
2855 
241 343 241 383 0 237 241 343 
0 103 11 38 0 168 554 554 
0 0 
21919 21919 21919 21919 21919 2166 280 563 75 511 3242 21919 293 369 297 1979 658 2982 3590 2526 136 1773 4037 21919 237 
0 0 0 0 1850 72 1850 749 0 0 0 0 0 430 1919 0 0 0 0 0 561 0 0 0 
0 0 69 0 0 0 69 89 75 89 0 0 82 235 79 0 104 57 164 190 95 0 355 418 0 112 77 72 76 164 62 118 1282 143 154 66 63 116 65 34 65 109 2583 68 123 11 35 62 74 96 57 62 62 62 12754 62 62 0 254 58 0 129 3599 0 111 54 0 0 571 90 28 57 0 144 133 94 0 554 0 51 55 96 33 1390 309 113 128 149 164 96 47 51 3 0 66 0 1880 71 56 101 64 75 77 70 164 70 155 4298 80 132 50 25 66 0 5622 0 95 0 91 109 0 0 113 0 74 0 115 0 131 0 101 322 13 1301 3620 66 95 1682 112 0 53 265 165 0 
343 343 241 343 383 241 0 343 
121 2 4976 212 121 
284 86 730 4 
969 697 71472 0 
235 0 0 
1997 697 1481 0 0 571 164 1880 71472 1590 1919 0 0 0 0 0 873 0 
121 20 7314 121 4479 1686 291 1123 296 2 1066 0 
542 185 0 4073 
98 98 98 
0 554 0 0 0 2239 0 2750 0 0 0 
0 0 1301 165 
0 3894 0 17 
113 243 423 0 89 322 89 0 1680 0 0 1277 682 0 0 34651 697 0 682 1802 212 0 137 0 0 682 0 310 0 0 0 207 9 164 682 3 1744 0 71472 337 0 298 0 0 0 0 0 0 0 0 13 682 4479 1686 291 1123 296 2 1066 1122 13 874 561 1531 0 1531 
48 0 1850 72 1850 
281 243 423 69 3451 322 3411 6129 697 6129 90 26 0 312 0 0 0 0 0 9 1744 1 19 71472 11815 6129 2329 6129 4479 1686 291 1123 296 2 1066 5622 0 0 3620 874 1682 561 231 0 0 0 
48 69 0 735 0 0 83 26 41 62 0 62 62 0 62 0 12754 62 62 0 522 0 4 164 0 574 4962 0 0 0 519 0 
0 697 26 0 0 3972 207 309 19 71472 241 0 0 4479 1686 291 1123 296 2 1066 4479 1686 291 1123 296 2 1066 
98 2 98 2 4308 98 
89 89 80 0 
1005 0 
697 71472 72 
4872 542 185 0 1330 
749 0 74 78 
158 0 0 
1204 958 433 0 
0 190 0 164 212 17 4 0 0 0 
4 
0 554 0 0 0 
0 0 282 0 
6909 
113 0 0 
0 0 216 82 0 535 0 0 0 1204 0 0 94 3451 17 164 1129 34651 94 1204 2 2 591 2523 0 2583 26 749 94 419 4976 0 254 49 0 0 0 474 42 522 0 0 0 0 0 48 309 4 3 554 142 958 1 0 0 0 0 1301 0 433 322 0 1531 0 0 165 
235 4001 2 0 322 0 1011 0 0 1682 1531 0 4033 7405 
1204 94 17 1129 94 1204 2523 419 42 142 958 433 2575 4927 
69 0 0 0 126157 17392 52 
0 0 212 0 0 40 
284 86 730 4 
0 4872 6129 6129 2 0 6129 6129 0 0 322 6129 
372 
1850 72 1850 4119 
4513 0 
1277 337 1122 0 0 12 
126157 601800 858 839 64333 
69 69 355 11 0 0 0 0 0 
48 
682 682 682 0 126157 682 0 682 0 0 
0 48 0 1277 42 0 0 0 0 475 337 0 0 1301 1122 0 165 
43 216 
0 1 
0 2110 0 0 0 0 0 951 0 
0 0 0 0 0 0 0 0 1301 165 
705 0 38 2 0 6934 4884 181 
2 0 
281 243 423 69 3451 322 3411 6129 697 6129 90 26 0 312 0 0 0 0 0 9 1744 1 19 71472 11815 6129 2329 6129 4479 1686 291 1123 296 2 1066 5622 0 0 3620 874 1682 561 231 0 0 0 
697 71472 0 0 0 
243 423 3451 9 1744 4479 1686 291 1123 296 2 1066 5622 3620 874 561 0 0 
281 90 26 231 
72 
1204 958 433 0 
0 1242 0 704 704 383 1173 0 
682 682 401 21832 
69 
49 0 2366 
164 2583 254 49 0 0 
0 682 682 682 682 682 
69 0 212 
1802 212 1802 
1353 1353 1353 493 85 1353 
1301 165 4239 
0 0 5002 
3599 164 114 0 0 2940 
0 95 310 
0 0 0 44 697 62 62 62 62 12754 62 62 0 1498 0 0 18 164 41 3 554 1 71472 848 0 0 0 0 0 0 38 13 38 
296 1144 
735 95 72 475 1301 165 
4513 137 0 7405 5002 5002 
164 73 0 40 0 0 4308 0 
0 73 0 
20 7314 2239 0 2750 
207 0 
0 48 0 0 0 0 0 
73 682 697 682 401 2745 0 0 0 0 15215 21832 71472 4962 0 
0 0 
343 241 591 241 312 72 4 1062 331 17 241 1301 165 4033 
372 
69 0 212 
1802 212 1802 
3599 243 423 114 0 0 522 296 1744 874 0 0 2940 
104 
1997 1481 1590 
0 4308 0 0 0 0 
372 570 
235 0 49 0 
1802 9 539 0 322 
0 2716 17 0 0 
243 423 3451 9 1744 4479 1686 291 1123 296 2 1066 5622 3620 874 561 0 0 
0 0 164 0 0 0 0 0 
343 343 241 343 383 241 343 
1259 
2 
69 0 
6129 6129 6129 6129 6129 6129 6129 6129 
343 241 591 241 312 72 4 1062 331 17 241 1301 165 4033 
5154 349 4479 1686 291 1123 296 2 1066 0 
1011 
0 0 0 0 0 
164 0 
121 69 0 69 89 322 89 535 0 0 0 235 164 0 95 355 4872 6129 697 98 0 6129 46 0 2586 11 98 0 0 0 49 0 0 0 310 0 0 71 1802 0 216 4 331 71472 164 6129 6129 4479 1686 291 1123 296 2 1066 0 121 0 0 0 74 0 0 0 0 363 363 0 0 363 363 0 0 0 0 0 0 0 0 0 0 0 0 0 
113 168 0 343 241 0 46 190 1 241 0 0 0 9 241 0 0 0 0 0 0 0 0 0 0 0 
89 89 535 73 4001 1282 1204 697 0 137 0 0 542 958 71472 185 52 1919 433 
113 48 89 0 89 0 63 0 0 235 969 164 241 1 0 0 0 3599 0 0 72 0 0 0 0 0 9 2748 164 296 554 0 478 0 125 1011 0 0 1011 0 0 0 0 1301 4479 1686 291 1123 296 2 1066 0 0 0 0 0 0 322 0 0 0 165 
121 69 0 69 89 322 89 535 0 0 0 235 164 0 95 355 4872 6129 697 98 0 6129 46 0 2586 11 98 0 0 0 49 0 0 0 310 0 0 71 1802 0 216 4 331 71472 164 6129 6129 4479 1686 291 1123 296 2 1066 0 121 0 0 0 74 0 0 0 0 363 363 0 0 363 363 0 0 0 0 0 0 0 0 0 0 0 0 0 
113 168 0 343 241 0 46 190 1 241 0 0 0 9 241 0 0 0 0 0 0 0 0 0 0 0 
0 113 121 943 48 69 0 69 0 535 1680 40 0 0 0 0 2157 343 343 0 1997 241 0 164 0 190 355 0 73 4872 432 6129 518 697 98 1481 0 6129 2 46 127 2 241 81 0 4513 11 58 98 343 62 23 395 31 165 1 241 4976 0 62 62 62 0 12754 62 62 383 312 14 0 297 1498 0 0 0 0 223 1684 561 522 0 0 0 0 0 0 0 0 0 3085 3 216 408 164 212 0 41 533 20 0 17 518 225 0 71472 241 4962 6129 17392 7314 848 708 1590 0 6129 40 245 4 1091 1919 0 40 0 121 0 0 0 0 0 0 0 0 74 0 0 0 1011 0 0 0 0 0 0 0 0 0 0 2712 0 1301 4479 0 1686 291 1123 296 0 2 1066 4479 1686 291 1123 296 2 1066 0 0 0 0 0 0 1 242 561 0 0 322 0 1531 0 165 0 0 
89 89 535 73 4001 1282 1204 697 0 137 0 0 542 958 71472 185 52 1919 433 
561 4073 33490 3033 
0 190 42 0 1593 0 0 0 0 0 0 0 
542 185 0 977 977 811 
1301 165 4239 2 
235 
1277 0 337 1122 12 
470 1894 
164 0 0 0 
5 5 1682 
207 0 
190 128 0 181 2310 
0 
305 3411 0 3972 309 216 4479 1686 291 1123 296 2 1066 17 
164 164 72 0 
343 343 241 343 383 241 343 
46 0 
1802 9 539 0 322 
0 0 0 
1802 212 72 
0 
0 98 4976 0 0 
42 0 0 3029 2366 1 
48 164 0 0 
113 42 
164 0 0 0 
0 0 0 0 2642 
113 0 0 0 0 561 
697 71472 4962 
0 1919 0 0 0 0 0 0 0 704 704 
5622 3620 
0 0 0 279 
1997 1481 1590 
0 0 
0 931 0 0 
164 
69 535 0 
1277 0 337 1122 12 
0 0 2888 2888 
0 4513 0 0 
372 570 
74 0 1309 85 372 
