0 
1750 346 
465 
674 
296 
753 
1014 
243 
73 0 
111 
975 500 1102 
22 243 
1 746 1 1341 1352 1048 
3180 4722 323 725 97 879 308 790 1040 
521 
603 
589 
2110 
0 
0 
5154 
349 
4479 1686 291 1123 296 2 1066 0 1443 1443 128 128 128 
128 128 128 
1443 
1443 
430 
4 
1301 
165 
3599 
113 
0 
243 
423 
1443 
0 
1043 
0 
0 
1443 
0 1680 
0 875 
0 
0 
343 
343 
235 241 0 114 
128 128 128 128 322 128 4872 518 
697 
1443 41 
343 
241 
1443 
137 
383 
80 
1684 
0 
0 
542 
1593 309 0 1744 1 20 518 71472 237 478 4962 185 7314 4479 1686 291 1123 
296 2 
1066 
4479 1686 291 1123 296 2 1066 0 0 
0 
0 0 
0 0 0 0 0 0 0 
1 
0 874 0 2940 0 0 1043 
52 
0 
0 0 
74 
0 
2 
1802 
212 
72 
682 
682 682 682 682 
601800 0 
305 
122 
0 
0 0 3133 0 0 190 127 886 483 975 152 
1000 385 118 193 
68 
128 215 287 249 
100 
367 
2454 
797 
673 737 37 67 205 
488 
3555 
98 2 98 4308 
98 26 0 0 43 
2586 
94 
71 
0 0 
0 
1062 
0 72 
1919 
0 
0 0 0 
0 0 0 1204 958 52 0 433 
43 
2586 
94 
71 
0 
0 
241 1740 17392 
0 0 2 27717 212 0 74 0 235 1997 0 4001 1481 2 1802 212 9 554 909 4479 1686 291 1123 296 2 1066 1590 0 0 0 0 
0 
0 
0 
0 
0 
0 0 113 
0 0 17 
4962 
0 0 0 0 
0 
0 242 312 0 0 1802 0 26994 1802 542 0 185 
1680 
0 
0 682 
518 
682 241 2583 4976 
254 682 0 
0 
0 0 103 207 
9 682 19 
518 72 
11 
219 
0 
0 
322 
682 
219 1 
0 216 0 0 241 103 165 0 0 0 0 0 0 0 0 
571 
0 
0 1880 
574 
4479 1686 291 1123 296 2 
1066 
1919 
0 
0 
990 
1531 0 
0 1680 0 0 682 518 682 
241 
2583 4976 254 682 0 0 0 0 103 207 9 682 
19 518 72 
11 219 0 
0 
322 
682 
219 1 0 216 0 0 241 103 165 0 
0 
0 
0 0 0 
0 
0 
571 
0 
0 
1880 574 
4479 1686 
291 
1123 
296 
2 
1066 
1919 
0 0 990 
1531 
0 0 697 
0 
71472 
0 4962 
17392 38 869 396 697 71472 2 0 3411 0 0 0 697 71472 54 4001 4 1062 1301 0 
165 
4513 0 0 0 
4872 
0 0 137 0 0 0 
0 
0 
0 
98 
2 
98 
2 
4308 
98 0 48 0 203 
0 
0 43 0 1680 875 0 0 0 
235 
1997 
0 
0 
0 190 
5 
322 4001 34651 1282 1481 2 98 1802 212 1 0 479 0 0 0 3599 0 0 571 
0 
522 0 0 0 
0 
0 
9 
48 
216 
4 
705 554 909 0 1880 19 164 4962 4479 1686 291 1123 296 2 1066 1590 4298 1919 168 0 0 
0 
0 
0 
0 
0 
0 
0 
0 0 0 0 0 0 322 0 0 0 
0 
0 0 0 5 0 
1682 
0 
561 1531 
0 0 265 0 0 0 3599 0 
0 
1680 
875 
2157 
164 
114 
697 
46 
591 
81 2583 58 992 41 23 31 479 254 49 
0 0 
1684 309 
164 71472 5158 4479 1686 291 1123 296 2 1066 0 0 0 
0 0 
0 
2712 0 1682 
2940 
0 0 
1443 
1443 
128 
128 
128 128 128 1443 1443 0 0 
0 
0 0 
0 
94 
0 
0 0 
0 0 0 0 0 0 0 0 
0 
561 
3599 
0 
48 0 0 
312 
0 0 75 
535 
0 
0 
0 
82 
343 
343 
0 
235 
241 
0 
79 
0 
0 
104 
57 
114 190 
0 
355 
0 
112 
77 5 72 3411 
76 
4872 
164 62 
118 143 
154 83 66 63 0 116 
0 241 65 34 65 109 68 123 4513 26 2586 11 35 343 74 1 96 322 57 0 383 0 58 0 129 3599 1498 111 54 0 71 90 28 57 
0 
144 133 
94 
522 0 
51 
0 
542 
0 55 
96 
33 
1390 
113 
128 149 164 96 47 51 41 3 0 554 66 0 71 
56 19 101 
64 75 77 574 241 
70 
164 
70 
185 
1443 155 17392 80 1919 132 50 
25 66 
58 
219 
95 0 91 
109 
0 
113 
0 0 
0 
0 
0 
131 
0 
0 0 
0 
101 0 
0 322 519 219 0 0 0 0 0 0 66 95 
5 0 1682 112 
0 2940 231 53 265 0 48 0 203 
0 0 
43 
0 
1680 875 0 
0 
0 
235 
1997 0 
0 
0 190 5 322 4001 34651 
1282 
1481 
2 
98 
1802 212 1 0 479 0 0 0 3599 
0 
0 571 0 522 0 0 0 0 0 9 48 216 4 705 554 909 
0 
1880 
19 
164 
4962 4479 1686 
291 
1123 296 2 1066 1590 4298 
1919 
168 
0 
0 0 0 0 0 0 0 
0 
0 
0 
0 
0 
0 
0 
322 
0 
0 
0 
0 0 
0 
0 
5 
0 
1682 0 561 1531 0 0 265 
0 
0 
0 
69 
535 343 0 6129 0 6129 4513 241 0 0 0 237 6129 6129 0 0 13 0 0 0 0 94 0 0 0 
0 
0 
0 
0 
0 0 
0 
0 
0 561 6 4 
0 
0 
48 0 63 
0 
0 49 2 0 
0 0 
0 
0 574 0 0 
115 561 
0 
191 191 30 3599 0 48 0 0 312 
0 
0 75 535 0 0 0 82 343 343 0 
235 
241 
0 
79 0 0 104 57 114 190 0 355 0 112 77 5 
72 3411 
76 
4872 
164 62 118 143 154 83 66 
63 
0 116 0 241 65 34 
65 
109 
68 123 4513 26 2586 11 35 343 74 
1 
96 322 57 0 383 0 58 0 129 3599 1498 
111 
54 
0 71 
90 
28 
57 
0 
144 
133 94 522 0 
51 0 
542 
0 55 
96 33 1390 113 128 149 164 96 47 51 
41 3 0 
554 
66 
0 71 56 
19 
101 
64 
75 77 574 
241 
70 
164 
70 
185 
1443 
155 
17392 
80 1919 132 50 
25 
66 
58 
219 
95 
0 91 109 0 
113 
0 
0 
0 
0 0 131 
0 
0 
0 0 101 0 0 322 519 219 0 0 0 0 0 0 66 95 5 0 1682 112 0 2940 231 53 265 312 1682 3894 243 423 1043 0 1680 
1744 
874 
0 1802 0 298 4479 
1686 291 
1123 
296 
2 
1066 561 0 0 
0 647 647 4308 0 235 1997 0 4001 1481 2 1802 212 9 554 909 
4479 1686 
291 1123 296 2 1066 1590 0 
0 
0 
0 0 
0 
0 
0 0 0 0 
0 
0 
54 
0 
0 
0 
0 
47 281 90 26 231 0 89 89 0 0 0 0 73 3411 4872 697 1005 749 395 0 80 1684 0 0 542 9 4 554 0 71472 185 4479 1686 291 
1123 296 2 1066 219 0 
0 0 219 0 3599 3192 89 475 89 0 164 114 0 190 95 0 1672 81 0 0 498 0 310 
0 
0 9 
0 0 0 0 2940 0 0 48 312 0 
1680 
4513 
49 
3599 1498 2745 0 522 0 0 
0 
15215 41 4962 1443 1919 
0 
0 
0 0 130 0 265 0 0 0 0 0 0 74 
4073 3451 1282 0 
0 207 0 0 0 0 0 0 322 0 0 13 13 0 13387 13 92 0 0 0 235 310 0 0 0 41 0 0 5622 0 0 3620 0 0 682 682 401 21832 322 9 1919 0 0 7405 0 697 71472 
1204 
94 
17 
1129 
94 1204 
2523 419 42 
142 958 
433 
2575 
4927 
591 
312 
322 
0 0 1682 3894 
0 0 0 284 
47 284 0 
0 
0 
0 4 
1853 1802 212 1802 372 
209 
53449 
3949 
369 2133 
1288 
1200 
4353 3906 1489 1829 147 2279 1230 2203 2410 0 
949 570 
2201 4584 224 2798 126 2969 2243 982 1846 33 
101 
0 0 592 
0 
0 
0 2642 1636 0 0 
943 
48 
0 
535 
0 
0 
83 
591 
4513 
