0 
1750 346 
465 
674 
296 
753 
1014 
243 
73 0 
111 
975 500 1102 
22 243 
1 746 1 1341 1352 1048 3180 
4722 323 725 97 879 308 790 1040 521 603 
589 
2110 
0 0 5154 349 4479 1686 291 1123 
296 
2 1066 
0 12 
1443 
1443 
128 128 128 128 128 128 1443 1443 430 4 1301 165 1242 
3007 12 26994 84 
4073 
6627 
3599 
113 0 
243 
423 
1443 
0 
1043 
0 
0 1443 
0 
1680 
0 
875 
0 
0 
343 343 
235 241 
0 
114 
128 
128 
128 128 322 128 4872 518 
697 1443 41 343 241 1443 137 383 80 
1684 
0 0 542 1593 
309 
0 
1744 
1 
20 
518 71472 
237 
478 
4962 
185 
7314 4479 1686 291 1123 296 2 1066 4479 1686 291 1123 296 2 1066 0 0 
0 0 
0 
0 0 0 0 0 0 0 1 0 874 0 
2940 
0 0 647 
0 38 0 0 647 0 1330 0 
0 0 
74 2759 596 0 2042 2612 0 
3007 
778 
601800 332 
0 
1212 
0 
977 
0 0 
0 
0 
0 0 0 0 
0 0 
977 
811 
175 0 
0 0 0 0 0 0 0 0 0 0 0 0 782 284 343 248 133 1284 0 0 3 3 175 777 542 377 478 40 241 528 554 518 6773 249 
54 20 205 38 
0 
38 413 0 13 
0 
0 
1187 
62 
2976 1043 52 24595 54 693 0 0 0 74 0 0 
33490 
3033 
283 367 1802 0 
2 98 1111 1802 212 
72 
312 
682 
682 682 682 
682 
682 
682 682 
682 682 682 682 
106 
682 601800 0 305 122 0 0 3296 
0 0 3133 0 0 260 0 1387 
190 
0 
0 
566 
63 
0 
2976 127 886 
483 975 152 1000 385 118 193 68 128 215 287 249 100 367 2454 797 673 737 37 67 205 488 3555 1068 81 1042 1352 285 460 2090 234 
1300 104 
181 
361 
98 
2 98 4308 98 98 98 
98 12827 778 19295 1111 
98 26 0 0 
0 
0 0 191 191 0 43 2586 94 
71 
0 0 167 0 5236 396 3752 3064 1394 397 2976 0 
1062 
0 
72 1919 
0 
0 0 0 0 
0 5002 5002 183 0 5002 32 30553 
55 
298 391 4996 1387 
269 4996 1987 
99 0 
1204 
958 
52 
0 433 
13639 0 
84 
43 2586 
94 71 0 0 167 0 5236 396 3752 3064 1394 397 2976 241 1740 17392 0 0 2 27717 
0 
869 33490 
12975 9534 
3698 
847 62 0 5001 3910 0 
209 
0 
0 
0 
2 
212 0 74 0 0 
235 1997 0 4001 1481 2 1802 
212 
9 554 909 4479 1686 291 1123 296 2 1066 1590 0 0 0 0 0 0 0 0 0 
0 0 7405 72 
1619 396 758 357 
1630 
105 
12 
0 0 59 0 312 13 38 12975 9534 111 847 644 0 312 0 59 113 0 0 
17 
4962 
0 0 0 
0 
0 
0 
242 38 
4119 
5002 312 
0 0 
0 
12970 3 
3 
10655 
2976 
1802 
0 26994 1802 1802 
26994 
30525 4086 719 
5001 
1870 
132 90 8611 5001 1802 
26994 14389 2586 542 0 185 33490 3698 5001 623 0 0 0 1680 0 0 682 518 682 241 
2583 
4976 254 682 0 
0 
0 0 103 207 9 682 
19 
518 
72 
11 
219 
0 
0 
322 
682 219 1 0 682 
0 
0 152 539 682 858 1212 0 758 
0 
682 0 175 
74 
0 
0 0 682 
58 
75 1635 175 682 839 785 63 682 93 518 2795 95 38 0 38 30553 12975 9534 847 
682 
3194 518 216 0 
0 
241 
103 
165 
0 
0 0 
0 0 0 0 0 571 0 0 1880 574 4479 1686 291 1123 296 2 1066 1919 0 0 990 
1531 
0 
0 
0 
4308 1935 
0 
539 
3029 98 793 0 1 931 148 1 3886 0 0 
0 
59 0 0 0 0 0 243 
0 
0 
248 15871 
4538 0 2642 5002 542 3560 1004 1804 138 3804 
693 371 816 824 0 0 1680 0 
0 
682 
518 
682 241 2583 4976 254 
682 
0 
0 
0 
0 103 207 9 682 19 518 72 11 219 0 
0 322 682 
219 1 
0 682 0 0 152 539 682 858 1212 0 758 0 682 0 175 74 0 
0 0 
682 
58 75 1635 
175 682 
839 785 63 682 
93 
518 
2795 
95 38 0 
38 30553 12975 9534 847 682 3194 518 216 0 0 
241 
103 165 
0 
0 
0 
0 0 
0 0 0 571 0 0 1880 574 
4479 
1686 
291 
1123 
296 2 1066 
1919 
0 0 990 
1531 0 0 0 4308 1935 0 539 3029 98 
793 
0 
1 
931 
148 
1 
3886 
0 
0 
0 
59 
0 
0 
0 
0 
0 243 
0 
0 248 15871 4538 
0 2642 5002 542 3560 1004 
1804 
138 3804 693 371 816 
824 
0 
0 697 0 71472 0 243 0 
283 367 
49005 138 0 4962 17392 38 
869 396 62 0 778 0 325 0 0 0 697 71472 92 0 38 62 2 0 931 3411 0 0 0 0 697 71472 54 0 1868 6432 0 5002 0 194 
0 
47 4001 
4 
1062 1301 0 165 4513 0 371 0 0 4872 0 0 
1330 
5001 
1353 0 0 0 1353 1353 
0 4052 
493 
85 
137 
0 
0 0 0 0 0 98 2 98 2 4308 98 98 49005 98 98 12827 778 
19295 1111 98 
0 48 0 203 0 0 43 
0 
1680 
875 
0 
0 0 235 1997 0 0 0 190 5 322 
4001 34651 
1282 
1481 
2 98 1802 212 
1 
0 
479 
0 0 
0 
3599 
0 
0 
571 
0 522 
0 0 
0 0 0 
9 48 216 4 705 554 909 0 1880 19 164 4962 4479 1686 291 1123 296 2 1066 1590 4298 1919 168 0 0 
0 0 0 0 
0 0 0 0 0 0 0 0 0 322 
0 0 
0 
0 
0 0 0 5 0 
1682 
0 
561 
1531 0 0 
265 0 0 
0 168 38 0 0 0 322 
7405 
0 
0 
72 
1619 5002 0 0 38 54 152 1282 5002 2759 
0 
2042 2612 396 3007 92 0 758 0 0 357 0 0 0 1630 175 74 0 0 0 0 0 0 0 105 0 12 0 0 0 0 59 0 0 
0 
248 
15871 
58 
4538 312 75 0 1635 0 
175 
5002 33490 405 118 3033 1009 785 1894 
1282 
396 
554 
0 554 0 50 283 367 704 93 
2795 
1 
0 
70 
1894 
10655 
4 
38 38 
413 
13 38 
8490 
1484 1 
395 1190 
30553 
12975 
9534 
111 298 279 322 98 847 3804 87 
5 644 
0 
396 
312 
3599 0 0 1680 875 2157 164 114 697 46 591 81 2583 58 992 41 23 31 479 254 49 0 0 1684 309 164 71472 
5158 
4479 1686 
291 
1123 
296 2 
1066 
0 0 0 
0 0 0 2712 
0 
1682 
2940 0 0 0 2716 
0 
0 0 0 0 
152 410 4741 
596 
410 122 0 0 0 332 
0 0 
0 
0 0 0 0 0 0 0 0 0 
0 
0 1722 782 5236 0 2642 669 3 3 542 42 405 
118 
3752 
3064 
0 372 293 0 54 2 181 168 1 3804 3804 6 0 536 
5499 1443 
1443 
128 128 128 128 128 
1443 1443 0 0 0 0 0 3007 0 
0 
108 38 87 1 0 0 94 0 
0 0 
0 
0 0 0 0 0 0 0 0 561 
0 
0 0 0 0 243 33490 3033 168 32 1804 4 
138 268 424 281 5499 397 
3599 
0 48 0 
0 
312 
0 0 
75 
535 
0 0 0 82 
343 343 
0 235 
241 0 79 
0 0 104 57 114 190 0 355 0 112 77 5 72 
3411 76 4872 
164 
62 118 143 154 83 66 63 
0 116 0 241 
65 
34 
65 
109 68 123 4513 
26 
2586 
11 
35 
343 
74 
1 96 322 
57 
0 383 0 58 
0 
129 
3599 
1498 
111 
54 0 71 90 28 57 
0 
144 
133 
94 
522 0 51 0 542 
0 
55 
96 33 1390 113 128 149 164 96 47 51 41 3 0 554 66 0 71 56 19 101 64 75 77 574 241 70 164 70 185 1443 155 17392 80 1919 132 50 25 66 58 219 95 0 
91 
109 
0 113 0 0 0 
0 0 
131 
0 
0 
0 0 101 0 
0 322 519 219 0 0 0 0 0 0 66 95 5 0 1682 112 
0 2940 
231 53 265 4033 102 0 35 
65 
86 
0 108 
85 
0 
0 83 343 184 
0 
36 1330 
4308 
74 
0 
57 
0 
0 161 129 52 0 0 0 44 98 0 112 152 539 0 0 0 0 155 74 53 0 85 88 0 0 103 0 0 118 104 113 53 0 0 
0 58 106 44 97 1309 84 931 
72 73 0 0 0 65 75 0 0 109 758 0 0 592 89 0 59 0 0 7970 0 47 52 
33 
5126 0 
84 61 5906 0 0 0 127 0 0 0 0 0 0 83 0 71 58 0 110 
0 
62 
0 
0 42 0 343 343 0 0 130 
0 122 
74 0 107 0 16101 0 
57 
38 
85 12970 2642 106 43 1485 144 0 74 84 74 0 90 3 3 869 
0 126 405 59 
0 0 168 377 0 49 71 1498 137 1498 119 1498 1498 1498 1498 1498 1498 0 116 123 101 79 241 241 54 3954 50 101 114 1 110 85 1636 0 55 129 0 108 60 101 74 57 49 89 124 123 84 49005 66 69 80 86 32 107 113 63 10655 64 
148 
78 
97 
123 
4 471 
89 71 0 58 33490 38 
0 413 
48 
19 
72 
4947 
1 
0 0 
87 0 70 0 0 89 0 0 0 0 268 
65 3698 0 0 
0 0 27 
53 
25 
3804 87 
0 424 0 28 45 5 56 62 
150 
5001 
0 
55 80 
48 
128 
62 46 84 65 0 281 2 1387 70 67 
97 91 61 50 75 40 43 84 32 65 74 2976 
0 48 0 203 0 0 43 0 1680 875 
0 
0 0 235 1997 0 0 0 190 5 322 4001 
34651 
1282 
1481 2 98 1802 212 1 
0 
479 
0 0 
0 
3599 
0 0 
571 0 
522 
0 
