0 
1750 346 
465 
674 
296 
753 
1014 
243 
73 0 111 
975 
500 1102 22 243 1 
746 1 
1341 1352 1048 3180 4722 323 725 
97 879 308 790 1040 521 603 589 2110 616 0 
0 
5154 
349 4479 1686 291 1123 296 2 1066 0 12 
4 
161 7922 1443 1443 128 128 128 128 128 128 
1443 1443 430 
4 
1301 
165 1242 3007 12 26994 84 4073 6627 272 717 4073 382 1802 
9540 3599 113 0 
243 
423 
1443 
0 1043 0 
0 
1443 
0 
1680 
0 
875 
0 0 
343 
343 
235 
241 
0 
114 
128 128 
128 128 
322 
128 
4872 
518 
697 1443 41 343 241 1443 
137 383 80 1684 0 0 542 1593 309 
0 
1744 1 20 518 
71472 
237 
478 4962 
185 
7314 
4479 1686 
291 
1123 296 2 
1066 
4479 
1686 291 1123 296 2 1066 0 0 0 0 0 0 0 0 0 0 0 
0 1 
0 
874 0 2940 0 0 647 0 38 0 0 647 
0 
1330 0 0 
0 74 2759 596 0 2042 2612 0 3007 778 601800 332 0 1212 0 977 0 0 0 0 
0 0 0 
0 0 0 977 811 175 0 
0 
0 
0 0 
0 
0 
0 
0 
0 0 
0 
0 
782 284 343 248 133 
1284 0 0 3 3 
175 
777 
542 377 
478 40 241 528 554 518 6773 249 54 20 205 38 0 38 413 0 13 0 0 1187 62 2976 408 816 824 3 3 284 0 0 0 0 106 778 518 156 0 175 1446 0 
76 0 0 2 
0 
0 3317 94 478 
717 
546 
518 
1383 
5096 0 0 0 0 0 0 0 0 0 0 1100 0 0 0 0 
0 
0 
0 0 2 0 
0 0 38 0 0 
0 
38 
0 
0 0 57 
0 
298 
298 298 
0 0 0 0 3 0 0 
0 
0 0 980 408 408 486 163 238 
0 38 382 0 0 0 0 0 0 0 322 0 0 
0 
0 
0 
0 
518 
0 
0 0 0 
0 0 0 49 0 291 0 0 1914 0 0 0 0 0 0 0 0 0 0 1573 0 574 0 0 0 0 699 628 676 1090 0 
0 0 
0 
149 
0 
0 0 0 0 0 0 
0 0 0 0 0 
518 0 0 46 3213 
0 
0 568 1043 52 24595 54 693 575 
556 0 
298 298 298 6823 0 0 0 74 0 0 33490 3033 
283 
367 
1802 0 
5002 
0 2 98 1111 
88 0 3364 4 1802 212 72 312 682 682 682 682 682 
682 
682 682 682 682 
682 682 106 
682 3442 
682 
4086 
719 
5001 1870 
132 90 
8611 
0 45 
682 996 5001 682 682 0 682 682 682 1 682 682 601800 0 305 122 0 178 0 3296 
0 0 
225 3762 
0 3133 
0 
0 260 0 1387 5168 0 
0 
0 
1889 
133 
5005 
190 0 0 566 63 0 
2976 322 0 0 0 0 0 0 
0 
0 0 322 0 127 886 483 975 152 1000 385 118 193 68 128 215 287 249 100 367 2454 
797 673 737 37 67 
205 488 3555 1068 
81 
1042 
1352 
285 460 2090 234 1300 104 181 361 200 554 98 2 98 4308 98 98 98 98 12827 778 19295 1111 98 98 98 1672 
98 
26 
0 0 0 
0 
0 
191 
191 0 
30 
0 0 
0 23 
0 
0 26 0 
188 
37 
43 
2586 
94 71 0 0 
167 
0 5236 396 
3752 
3064 
1394 397 2976 5096 197 161 0 
238 0 0 0 774 0 1062 0 72 1919 0 0 0 0 0 0 5002 5002 183 0 
5002 
32 30553 55 298 
391 
4996 1387 269 4996 1987 99 
5002 
5002 
272 
364 
54 
4 0 0 
0 
1507 
140 1001 0 419 41 
70 
0 0 59 52 0 0 0 0 
40 
0 0 0 
5002 
0 
4684 19 19 
19 19 
0 1204 958 52 0 433 13639 0 84 797 182 4086 719 5001 1870 132 90 8611 160 
60 
322 2720 1698 5001 
0 
1 
0 
43 
2586 
94 71 0 
0 167 0 5236 396 3752 3064 1394 397 2976 5096 197 161 0 238 0 0 0 774 241 1740 17392 0 0 
2 
27717 
0 
869 
33490 12975 
9534 
3698 847 
62 0 5001 3910 0 209 0 0 0 2 0 
0 0 
0 0 408 408 0 0 0 0 0 
0 
567 
322 41 
212 0 74 0 0 38 0 263 40 322 
0 0 235 1997 0 4001 1481 2 1802 212 9 
554 
909 4479 
1686 
291 1123 296 2 1066 1590 0 0 0 0 
0 
0 
0 
0 0 0 0 
7405 72 1619 396 758 357 1630 105 12 0 0 
59 0 312 13 
38 12975 
9534 111 847 644 0 312 0 59 0 0 4 0 2013 0 312 169 1715 
0 109 0 0 
0 
0 0 0 
0 0 
0 0 0 0 
2 
0 
0 
931 931 11 
0 0 49 113 0 0 17 4962 0 0 0 0 
0 
0 242 
38 
4119 
5002 
4086 719 
5001 1870 132 90 8611 996 5001 38 
38 
0 
0 
1 
10136 68 312 0 
0 
0 12970 3 
3 10655 2976 0 1 0 1802 0 26994 1802 
1802 
26994 
30525 
4086 
719 
5001 
1870 
132 
90 
8611 
5001 
1802 
26994 
14389 
2586 
26994 0 
40 
1 30525 11 26994 542 
0 185 33490 3698 5001 623 
0 
0 0 0 0 0 
712 
1112 
1680 0 0 682 518 682 241 
2583 4976 254 682 
0 0 0 0 103 207 
9 682 19 518 72 11 219 0 0 322 682 219 1 0 682 0 0 152 539 682 858 1212 0 758 0 682 0 175 74 0 0 0 682 58 
75 
1635 175 
682 
839 785 63 682 93 518 2795 95 38 0 38 30553 12975 9534 
847 
682 
3194 518 682 175 3442 373 
0 682 
0 
0 
0 
4976 
40 300 251 4921 168 518 0 0 0 0 0 443 0 0 682 0 0 
0 1154 140 0 0 
1154 682 0 148 2586 0 419 1985 
0 
0 
0 682 0 0 0 0 
518 
0 0 0 0 0 682 0 0 0 0 0 
0 0 
0 0 0 
0 
0 0 682 160 
0 
0 
3746 682 
0 774 
518 
0 
682 
0 
131 
682 216 0 0 241 103 165 
0 0 
0 0 0 0 
0 0 571 0 0 1880 574 4479 1686 291 1123 296 2 1066 1919 0 0 990 1531 0 0 0 4308 1935 0 539 3029 98 
793 0 1 931 
148 1 3886 0 0 0 59 0 0 0 
0 0 
243 0 
0 
248 15871 4538 0 2642 5002 
542 
3560 
1004 1804 
138 3804 693 
371 816 824 0 
0 3442 0 0 40 4 14 197 
1 
6686 
0 
0 
0 0 0 0 0 0 0 0 831 0 
2530 
0 601800 0 0 38 0 0 0 0 0 0 0 0 263 1 0 4918 0 0 0 0 0 0 0 0 0 0 0 0 0 0 574 0 0 
15871 
365 
0 
0 
0 0 0 0 0 0 0 
0 
7922 0 15871 0 0 589 1680 0 0 682 
518 
682 
241 
2583 4976 254 682 0 0 0 0 103 207 9 
682 
19 
518 
72 
11 
219 
0 
0 322 
682 
219 1 
0 
682 0 
0 152 539 682 
858 
1212 
0 
758 0 682 0 175 74 0 0 
0 682 
58 
75 
1635 
175 682 839 785 63 682 93 518 2795 95 38 0 38 30553 12975 9534 847 682 3194 518 682 175 3442 373 0 682 0 0 0 4976 
40 
300 251 
4921 
168 
518 0 
0 
0 0 0 
443 0 0 682 
0 
0 
0 1154 140 0 0 
1154 
682 0 148 2586 
0 419 1985 
0 
0 0 682 0 0 0 
0 518 
0 
0 0 0 0 682 0 0 0 0 0 
0 
0 0 0 0 0 0 0 682 160 0 0 3746 
682 
0 
774 
518 0 682 0 131 682 216 0 0 241 103 165 0 0 
0 0 
0 
0 0 0 571 0 
0 1880 574 4479 1686 291 1123 296 2 1066 
1919 
0 0 990 1531 0 0 0 4308 1935 
0 539 3029 
98 
793 0 1 931 148 1 3886 0 0 
0 
59 0 0 0 0 0 243 0 0 248 15871 
4538 0 2642 5002 542 3560 1004 
1804 
138 3804 693 
371 
816 
824 0 
0 3442 0 
0 
40 4 14 197 
1 6686 0 
0 0 
0 0 0 
0 0 0 0 831 0 2530 0 601800 0 0 38 0 0 0 0 0 0 0 0 263 1 
0 4918 0 
0 
0 0 0 0 0 0 0 
0 0 0 0 0 
574 
0 
0 
15871 365 0 0 0 0 
0 
0 
0 
0 
0 
0 
7922 0 15871 
0 
0 589 697 0 
71472 
0 
243 
0 
283 
367 49005 138 0 31 9869 223 768 6773 4962 
17392 
38 
869 
396 
62 0 778 0 325 
0 
0 
0 766 0 0 12 38 3575 11 696 0 3954 490 697 71472 92 0 38 62 0 0 0 0 0 350 0 2 0 931 1 401 0 38 0 2 931 931 663 0 1771 3411 0 0 0 0 0 0 0 0 
697 
71472 
54 0 1868 6432 0 
5002 0 
194 
0 
47 
680 680 680 4001 
4 1062 1301 0 165 61 70 0 4513 0 371 4513 292 292 0 1609 
3712 0 
0 4872 0 0 1330 5001 1353 
0 
0 0 
1353 1353 
0 
4052 
493 85 1353 0 1353 0 
1100 
422 163 396 0 0 0 1353 0 1353 1353 
5005 
137 
0 
0 
0 
0 0 0 98 2 98 2 4308 98 98 49005 98 98 12827 778 19295 1111 98 98 98 1672 712 98 0 48 0 203 0 0 43 0 1680 875 0 
0 0 235 1997 0 0 0 190 5 
322 4001 34651 1282 1481 2 98 1802 212 1 0 479 0 0 0 3599 0 0 571 0 522 0 0 0 0 
0 
9 48 
216 4 705 554 909 0 1880 19 164 4962 4479 1686 291 1123 296 2 1066 1590 4298 
1919 
168 
0 
0 0 0 0 0 0 0 0 
0 0 
0 0 0 0 322 0 0 
0 
0 
0 0 0 5 0 1682 0 561 1531 0 0 265 0 0 0 168 38 0 
0 0 322 7405 
0 0 72 1619 5002 0 0 38 54 152 1282 5002 2759 0 2042 2612 396 3007 92 0 758 0 0 357 0 0 0 1630 175 74 0 0 0 0 0 0 0 105 0 12 0 0 0 0 59 0 0 0 248 15871 58 4538 312 75 0 1635 0 175 5002 
33490 
405 
118 
3033 
1009 785 1894 
1282 396 554 0 554 0 
50 283 367 
704 
93 
2795 
1 
0 
70 1894 
10655 4 38 38 413 13 38 8490 1484 1 395 
1190 30553 12975 9534 111 
298 279 322 
98 
847 
3804 87 
5 644 0 396 312 522 816 3 3 
0 
0 
0 0 0 
0 5 
59 
778 
81 289 289 272 156 0 322 3251 175 0 
373 5002 5002 0 0 0 0 0 18 0 1282 452 0 0 0 
42 300 2178 4 244 14 19 181 0 0 
0 
0 0 2013 0 45 0 0 0 0 0 0 0 
0 
0 
506 0 0 312 0 169 0 
0 
2178 
0 0 
0 
0 
1715 0 
2 322 38 
0 
0 
